-6.71637
-6.71792
-6.72563
-6.7344
-6.74384
-6.75688
-6.76905
-6.78277
-6.79794
-6.81139
-6.821
-6.83286
-6.83777
-6.84785
-6.85597
-6.86066
-6.86286
-6.85707
-6.84391
-6.8265
-6.80502
-6.78473
-6.76824
-6.76049
-6.75734
-6.76377
-6.77802
-6.79276
-6.81251
-6.83082
-6.84588
-6.85546
-6.86173
-6.85841
-6.8482
-6.8335
-6.81311
-6.78703
-6.75739
-6.73191
-6.706
-6.68789
-6.67861
-6.67467
-6.67838
-6.68693
-6.69745
-6.70669
-6.71139
-6.71514
-6.71327
-6.70636
-6.69658
-6.68468
-6.67197
-6.65898
-6.64917
-6.64603
-6.64701
-6.65312
-6.66385
-6.6832
-6.70643
-6.73043
-6.75443
-6.77856
-6.7973
-6.81094
-6.82056
-6.82499
-6.82675
-6.82592
-6.82577
-6.82828
-6.8317
-6.83624
-6.84332
-6.84612
-6.84939
-6.84961
-6.84551
-6.8391
-6.82996
-6.82162
-6.80854
-6.79251
-6.77488
-6.75944
-6.74639
-6.7422
-6.74173
-6.74695
-6.75404
-6.75775
-6.75791
-6.75282
-6.74826
-6.7387
-6.72523
-6.71164
-6.70032
-6.69239
-6.68642
-6.68703
-6.69436
-6.70459
-6.7212
-6.74093
-6.7593
-6.77626
-6.79351
-6.80836
-6.81836
-6.828
-6.83069
-6.8281
-6.81888
-6.80378
-6.78664
-6.76828
-6.74944
-6.72814
-6.71272
-6.70222
-6.69489
-6.6953
-6.70089
-6.71114
-6.72471
-6.73706
-6.7472
-6.75401
-6.76297
-6.76969
-6.77853
-6.78598
-6.79356
-6.80244
-6.8083
-6.81068
-6.80914
-6.80494
-6.79666
-6.78218
-6.7669
-6.75199
-6.73592
-6.72332
-6.71728
-6.71753
-6.72429
-6.73592
-6.74904
-6.75881
-6.76517
-6.76743
-6.76666
-6.76282
-6.75257
-6.74072
-6.72585
-6.70871
-6.69098
-6.67581
-6.66121
-6.65437
-6.65844
-6.66782
-6.67996
-6.69511
-6.71459
-6.72939
-6.74211
-6.75466
-6.76511
-6.77569
-6.78329
-6.79288
-6.80526
-6.81617
-6.82696
-6.8286
-6.82842
-6.82206
-6.81338
-6.79965
-6.78558
-6.77678
-6.77286
-6.77425
-6.77693
-6.7826
-6.78742
-6.78992
-6.78477
-6.7773
-6.76575
-6.7527
-6.74046
-6.73084
-6.72189
-6.71345
-6.70836
-6.70643
-6.7037
-6.70158
-6.70132
-6.70294
-6.70499
-6.70868
-6.71356
-6.72002
-6.72906
-6.73934
-6.75153
-6.76398
-6.77397
-6.78396
-6.79071
-6.79668
-6.79827
-6.79885
-6.79436
-6.7878
-6.77715
-6.76646
-6.7552
-6.74758
-6.74317
-6.74489
-6.74974
-6.76343
-6.77729
-6.79265
-6.80568
-6.81272
-6.81788
-6.82078
-6.81787
-6.8104
-6.80683
-6.79822
-6.79184
-6.78639
-6.77754
-6.76753
-6.75484
-6.7435
-6.73123
-6.71936
-6.7095
-6.70618
-6.70858
-6.71518
-6.72516
-6.73554
-6.7454
-6.74934
-6.74885
-6.74318
-6.72848
-6.71235
-6.69779
-6.68716
-6.68272
-6.6853
-6.6927
-6.70752
-6.72451
-6.74067
-6.75863
-6.77354
-6.78892
-6.8007
-6.80746
-6.80843
-6.8065
-6.7995
-6.78908
-6.77958
-6.7688
-6.75896
-6.75182
-6.74852
-6.74625
-6.74571
-6.7487
-6.74949
-6.75444
-6.76061
-6.76939
-6.77998
-6.78777
-6.79546
-6.79883
-6.79972
-6.79557
-6.78722
-6.77761
-6.76801
-6.75791
-6.74776
-6.7368
-6.72774
-6.72076
-6.71546
-6.71209
-6.71444
-6.71922
-6.72529
-6.73643
-6.75328
-6.77225
-6.794
-6.81683
-6.83452
-6.8481
-6.85318
-6.85084
-6.84228
-6.82709
-6.80886
-6.78932
-6.7664
-6.73928
-6.71292
-6.68805
-6.66247
-6.64489
-6.6379
-6.63536
-6.64203
-6.65562
-6.67153
-6.6896
-6.70897
-6.72643
-6.73876
-6.74822
-6.75363
-6.75777
-6.75551
-6.75329
-6.75506
-6.76236
-6.77239
-6.78552
-6.79951
-6.81091
-6.81682
-6.81196
-6.79848
-6.77616
-6.75161
-6.72746
-6.70807
-6.69579
-6.69107
-6.69029
-6.69918
-6.70966
-6.72544
-6.74281
-6.76041
-6.77949
-6.79547
-6.81169
-6.81956
-6.82199
-6.81625
-6.80595
-6.79026
-6.77329
-6.75636
-6.7404
-6.72188
-6.70808
-6.69643
-6.6908
-6.68803
-6.69218
-6.70214
-6.71639
-6.73895
-6.76551
-6.79304
-6.81822
-6.83613
-6.85055
-6.85757
-6.85823
-6.84908
-6.83616
-6.82287
-6.80788
-6.78631
-6.76431
-6.74266
-6.72501
-6.70768
-6.69435
-6.68671
-6.68725
-6.68688
-6.69257
-6.70121
-6.71071
-6.724
-6.74022
-6.7597
-6.78342
-6.80215
-6.81724
-6.82765
-6.83362
-6.83318
-6.83192
-6.82637
-6.815
-6.79921
-6.78155
-6.763
-6.74363
-6.72647
-6.71441
-6.70615
-6.70024
-6.69749
-6.69869
-6.70414
-6.71642
-6.73917
-6.76695
-6.7979
-6.82988
-6.85386
-6.87137
-6.87746
-6.87247
-6.85407
-6.83105
-6.80352
-6.77732
-6.7532
-6.73514
-6.72451
-6.71444
-6.71164
-6.71272
-6.72066
-6.73303
-6.74953
-6.76807
-6.78871
-6.80932
-6.82809
-6.84165
-6.85229
-6.85803
-6.85723
-6.85584
-6.85308
-6.84615
-6.83499
-6.82024
-6.79967
-6.77929
-6.75669
-6.73737
-6.72084
-6.70403
-6.69042
-6.67993
-6.66863
-6.66299
-6.65938
-6.65941
-6.66503
-6.67818
-6.69207
-6.70803
-6.72205
-6.7337
-6.74368
-6.75127
-6.75878
-6.76622
-6.77312
-6.77926
-6.78328
-6.788
-6.78912
-6.79011
-6.79053
-6.78847
-6.78431
-6.77798
-6.76752
-6.75545
-6.73982
-6.72496
-6.71157
-6.70154
-6.6983
-6.69875
-6.70688
-6.71936
-6.73527
-6.75192
-6.76699
-6.7765
-6.78359
-6.78383
-6.78337
-6.78183
-6.78399
-6.78687
-6.80243
-6.82199
-6.84058
-6.85934
-6.86726
-6.8709
-6.86565
-6.85593
-6.83973
-6.82279
-6.80625
-6.79303
-6.78037
-6.77041
-6.75654
-6.73939
-6.7181
-6.69292
-6.66828
-6.64817
-6.63621
-6.63359
-6.63884
-6.65449
-6.67771
-6.70122
-6.72587
-6.74505
-6.76158
-6.77412
-6.78109
-6.79073
-6.80014
-6.80814
-6.81498
-6.81767
-6.8168
-6.80627
-6.79125
-6.77015
-6.74811
-6.73104
-6.71951
-6.71639
-6.7179
-6.72809
-6.7429
-6.76045
-6.78119
-6.79566
-6.81022
-6.82005
-6.82502
-6.82311
-6.81603
-6.80191
-6.78496
-6.76698
-6.74832
-6.73411
-6.7215
-6.7096
-6.7
-6.69283
-6.69274
-6.69674
-6.70605
-6.71586
-6.73098
-6.74594
-6.76093
-6.77772
-6.79511
-6.80662
-6.81844
-6.8242
-6.82626
-6.82314
-6.81475
-6.80088
-6.78134
-6.75762
-6.73809
-6.71794
-6.70628
-6.70293
-6.70889
-6.72194
-6.74186
-6.76627
-6.7878
-6.8064
-6.81783
-6.82332
-6.82324
-6.81604
-6.80925
-6.79848
-6.78692
-6.77507
-6.76255
-6.75165
-6.74076
-6.73172
-6.72591
-6.72356
-6.7246
-6.73125
-6.73861
-6.74266
-6.74749
-6.74772
-6.74092
-6.72829
-6.71206
-6.69425
-6.67539
-6.65972
-6.64987
-6.65272
-6.66627
-6.69116
-6.72219
-6.75773
-6.7935
-6.82248
-6.84959
-6.86526
-6.87021
-6.86658
-6.85227
-6.83062
-6.80707
-6.77936
-6.75539
-6.73681
-6.72703
-6.72754
-6.73976
-6.75795
-6.77859
-6.80149
-6.82196
-6.84133
-6.85278
-6.85946
-6.85604
-6.84878
-6.83242
-6.812
-6.79149
-6.77111
-6.75521
-6.74101
-6.72678
-6.71218
-6.69451
-6.67461
-6.65471
-6.64058
-6.6279
-6.62351
-6.62444
-6.63073
-6.6409
-6.65317
-6.66427
-6.67456
-6.68997
-6.71112
-6.73406
-6.76207
-6.79181
-6.82436
-6.85134
-6.86921
-6.87882
-6.87816
-6.86757
-6.84503
-6.81518
-6.77971
-6.74352
-6.70671
-6.67465
-6.65386
-6.64406
-6.64059
-6.65038
-6.66463
-6.68474
-6.71348
-6.74231
-6.7713
-6.80124
-6.82581
-6.8435
-6.85639
-6.85942
-6.85708
-6.84756
-6.83806
-6.82675
-6.81732
-6.8079
-6.79991
-6.7934
-6.78804
-6.78708
-6.7884
-6.79201
-6.79607
-6.7996
-6.80263
-6.79954
-6.79128
-6.77918
-6.7674
-6.75193
-6.74061
-6.73254
-6.7281
-6.73078
-6.73634
-6.74697
-6.75666
-6.7687
-6.7782
-6.7846
-6.7836
-6.77813
-6.76566
-6.74532
-6.72354
-6.70254
-6.68439
-6.673
-6.66933
-6.67257
-6.68226
-6.69895
-6.71981
-6.74293
-6.76277
-6.78158
-6.79921
-6.80917
-6.81773
-6.82233
-6.81986
-6.81597
-6.81001
-6.80392
-6.79899
-6.79464
-6.78926
-6.78125
-6.7692
-6.75322
-6.73478
-6.71807
-6.70057
-6.69183
-6.6906
-6.70502
-6.73149
-6.76747
-6.80456
-6.83787
-6.86271
-6.87873
-6.88154
-6.87481
-6.86175
-6.84064
-6.82048
-6.80113
-6.78386
-6.77099
-6.76026
-6.75044
-6.74178
-6.73491
-6.73051
-6.72943
-6.72856
-6.7284
-6.72991
-6.72819
-6.72568
-6.72009
-6.70923
-6.69994
-6.68958
-6.68264
-6.68049
-6.68791
-6.69821
-6.71565
-6.73812
-6.75672
-6.77644
-6.79198
-6.8043
-6.81183
-6.81532
-6.81567
-6.81499
-6.81535
-6.81327
-6.81173
-6.81043
-6.80778
-6.80414
-6.80038
-6.79561
-6.79194
-6.78601
-6.77729
-6.76463
-6.75232
-6.74019
-6.73078
-6.72107
-6.71767
-6.71741
-6.71974
-6.72395
-6.72993
-6.73626
-6.7368
-6.73335
-6.72898
-6.7211
-6.71376
-6.70699
-6.70294
-6.70495
-6.70788
-6.71881
-6.73515
-6.7565
-6.77727
-6.79997
-6.82307
-6.844
-6.8627
-6.87568
-6.88213
-6.88665
-6.88286
-6.87814
-6.8676
-6.85264
-6.83478
-6.81668
-6.7948
-6.76982
-6.74383
-6.72412
-6.70618
-6.69759
-6.69444
-6.69808
-6.70345
-6.71231
-6.72255
-6.72903
-6.73722
-6.7456
-6.75189
-6.76004
-6.76478
-6.76735
-6.76532
-6.76087
-6.75589
-6.75262
-6.74748
-6.74219
-6.74035
-6.74207
-6.74106
-6.7404
-6.73783
-6.73161
-6.72194
-6.71101
-6.69585
-6.68131
-6.66755
-6.66322
-6.6625
-6.66875
-6.68167
-6.69545
-6.71438
-6.72824
-6.73912
-6.7524
-6.76581
-6.77673
-6.79427
-6.80933
-6.82525
-6.83777
-6.84638
-6.85036
-6.84548
-6.83583
-6.8228
-6.80936
-6.79084
-6.77116
-6.75073
-6.73114
-6.71574
-6.70742
-6.70659
-6.71186
-6.72442
-6.73805
-6.75715
-6.77631
-6.79384
-6.80697
-6.81909
-6.82554
-6.82877
-6.82628
-6.818
-6.80398
-6.7874
-6.7668
-6.74578
-6.72543
-6.70932
-6.69867
-6.69586
-6.69961
-6.70727
-6.72208
-6.7398
-6.75466
-6.76498
-6.7644
-6.7594
-6.74784
-6.73134
-6.71715
-6.70468
-6.69725
-6.69431
-6.69692
-6.71045
-6.72524
-6.74058
-6.75592
-6.76603
-6.77444
-6.77977
-6.78481
-6.79027
-6.79261
-6.79574
-6.79719
-6.80372
-6.80934
-6.81885
-6.82854
-6.83864
-6.84778
-6.85586
-6.86311
-6.86697
-6.86808
-6.8615
-6.85372
-6.84162
-6.8247
-6.80461
-6.7839
-6.75749
