1.04311
1.04533
1.05049
1.05836
1.06857
1.0805
1.09357
1.10698
1.11996
1.13191
1.14261
1.15229
1.16143
1.17027
1.17822
1.18388
1.18532
1.18083
1.16962
1.1524
1.13144
1.1103
1.09292
1.08242
1.08036
1.08638
1.09881
1.11551
1.13421
1.15266
1.16872
1.18044
1.18638
1.18569
1.17811
1.16374
1.14325
1.11789
1.08968
1.06145
1.03635
1.01721
1.00581
1.00241
1.00587
1.01408
1.02451
1.03457
1.04192
1.04487
1.04256
1.03515
1.02373
1.01002
0.995941
0.983366
0.973824
0.968578
0.968651
0.974786
0.987171
1.00535
1.02792
1.0528
1.07757
1.10009
1.11864
1.13244
1.14153
1.14663
1.14891
1.14978
1.15054
1.15227
1.15552
1.16027
1.16572
1.1706
1.17349
1.17339
1.16994
1.16348
1.15456
1.14351
1.13033
1.11512
1.0988
1.08344
1.07182
1.06602
1.06631
1.07092
1.07705
1.08197
1.0838
1.0817
1.07559
1.06599
1.05399
1.04105
1.0289
1.01933
1.01385
1.01358
1.01904
1.03005
1.04564
1.0642
1.08385
1.1029
1.12005
1.13455
1.14588
1.15335
1.15621
1.15385
1.14611
1.13342
1.11662
1.09715
1.07668
1.05713
1.04037
1.02805
1.02141
1.02089
1.02598
1.03527
1.04679
1.05856
1.06917
1.07809
1.08555
1.0923
1.09915
1.10653
1.11442
1.12209
1.12846
1.13243
1.13291
1.12916
1.12098
1.1088
1.09373
1.07751
1.06249
1.05103
1.04503
1.0453
1.05126
1.06102
1.07219
1.08248
1.09013
1.0941
1.09377
1.08907
1.08018
1.06768
1.0524
1.03536
1.01791
1.00183
0.989333
0.982769
0.983779
0.99246
1.00707
1.02468
1.04234
1.05804
1.07103
1.08153
1.09044
1.09905
1.10847
1.11922
1.13092
1.14228
1.15146
1.15652
1.15597
1.14951
1.13828
1.12464
1.11163
1.10205
1.09758
1.09848
1.10346
1.11009
1.1155
1.11718
1.11384
1.10579
1.09474
1.08268
1.07101
1.0603
1.05089
1.04294
1.0367
1.03231
1.02973
1.02876
1.02904
1.03026
1.03223
1.03516
1.03953
1.0458
1.05401
1.06383
1.07466
1.08583
1.09655
1.10605
1.11367
1.11893
1.12145
1.12104
1.11751
1.11092
1.10177
1.09114
1.08073
1.07246
1.06821
1.06935
1.07624
1.08793
1.10232
1.11682
1.12919
1.13794
1.14254
1.14321
1.14058
1.13556
1.12917
1.1222
1.11517
1.10812
1.10064
1.09207
1.08183
1.06997
1.05737
1.04564
1.03669
1.03221
1.03309
1.03922
1.04925
1.06091
1.07137
1.07779
1.078
1.07108
1.05788
1.04095
1.0242
1.01167
1.00613
1.0083
1.01708
1.03056
1.04701
1.06502
1.08334
1.10069
1.11573
1.12726
1.13448
1.13691
1.13449
1.12757
1.1171
1.10477
1.09257
1.08243
1.0756
1.072
1.07085
1.07117
1.07246
1.07474
1.07853
1.08446
1.09271
1.10256
1.11241
1.12011
1.12392
1.12329
1.11882
1.11165
1.10281
1.09296
1.08257
1.07207
1.06202
1.05284
1.04505
1.0392
1.03587
1.03561
1.03903
1.0466
1.0586
1.07475
1.09412
1.11515
1.13587
1.15396
1.16716
1.1739
1.17356
1.16658
1.15413
1.13727
1.11677
1.09315
1.06718
1.04018
1.01412
0.991319
0.974061
0.964017
0.961969
0.967611
0.979677
0.996232
1.01515
1.03429
1.05169
1.06573
1.07533
1.08023
1.08113
1.07964
1.07796
1.07843
1.08298
1.09252
1.10631
1.12165
1.1345
1.14091
1.13829
1.12633
1.10687
1.08318
1.05916
1.03861
1.02431
1.01754
1.01802
1.02447
1.03524
1.04914
1.06535
1.08315
1.1016
1.11908
1.13346
1.1426
1.14508
1.14064
1.13022
1.1155
1.09835
1.08045
1.06309
1.04727
1.03385
1.02348
1.01679
1.0145
1.01744
1.02643
1.04197
1.06366
1.08991
1.11779
1.14368
1.16422
1.17719
1.18207
1.1798
1.17206
1.16044
1.14608
1.12966
1.11149
1.09187
1.07153
1.05178
1.03443
1.02125
1.01339
1.01085
1.01269
1.01778
1.02551
1.03601
1.04963
1.06623
1.08494
1.10417
1.12214
1.13726
1.14843
1.15518
1.15744
1.15532
1.14889
1.13826
1.12379
1.10635
1.08752
1.06927
1.05342
1.04099
1.03209
1.02622
1.02316
1.02362
1.02911
1.0413
1.06104
1.0876
1.11834
1.14925
1.17584
1.19404
1.20103
1.19563
1.17888
1.15387
1.12515
1.09734
1.07395
1.05657
1.04508
1.03847
1.03593
1.03725
1.0428
1.05306
1.06813
1.08731
1.10881
1.13023
1.14905
1.16344
1.17264
1.17717
1.17826
1.17707
1.17388
1.16794
1.15817
1.14415
1.12647
1.10655
1.0859
1.06582
1.04717
1.03048
1.01598
1.00394
0.994614
0.988322
0.985613
0.987138
0.993273
1.00377
1.01743
1.03239
1.04687
1.05969
1.07051
1.07955
1.08719
1.09374
1.09943
1.10435
1.10846
1.11165
1.11385
1.11495
1.11486
1.1133
1.1097
1.10336
1.09386
1.0814
1.06687
1.05194
1.0386
1.02878
1.024
1.02515
1.03208
1.04385
1.05861
1.07403
1.08776
1.09801
1.10392
1.1058
1.10514
1.10443
1.10648
1.11364
1.1267
1.14434
1.16333
1.17965
1.18992
1.19241
1.18722
1.17602
1.16132
1.14565
1.1309
1.11784
1.10608
1.09428
1.08068
1.06389
1.04356
1.02079
0.997922
0.978277
0.965173
0.961228
0.967427
0.982915
1.00502
1.03006
1.05433
1.07493
1.09066
1.10195
1.11039
1.1178
1.12524
1.13265
1.13875
1.14156
1.13905
1.12986
1.11412
1.09366
1.07186
1.0527
1.03976
1.03512
1.03905
1.05025
1.06634
1.08476
1.10332
1.12029
1.13425
1.14393
1.1482
1.14627
1.13815
1.12479
1.10806
1.0901
1.07262
1.05662
1.04251
1.03068
1.02172
1.01641
1.01552
1.01937
1.02764
1.03941
1.0537
1.06952
1.08609
1.10262
1.11821
1.1319
1.14276
1.1499
1.15247
1.1496
1.14084
1.12623
1.10675
1.08446
1.06217
1.04314
1.0304
1.02612
1.03117
1.04476
1.06456
1.08725
1.10935
1.12779
1.14051
1.14665
1.1465
1.14134
1.13284
1.12252
1.11134
1.09983
1.08827
1.07699
1.0666
1.05799
1.05217
1.05006
1.05201
1.05741
1.0647
1.07152
1.07546
1.07462
1.06808
1.05596
1.03943
1.02044
1.0017
0.98647
0.978035
0.979177
0.991302
1.01395
1.04468
1.0797
1.11472
1.14588
1.17023
1.18587
1.19182
1.18785
1.17472
1.15402
1.1285
1.10168
1.07754
1.05978
1.05097
1.05212
1.06253
1.08015
1.10213
1.12539
1.14712
1.16503
1.17742
1.18319
1.18179
1.17327
1.15843
1.13899
1.11755
1.09695
1.07912
1.06407
1.05016
1.03541
1.0186
1.00009
0.981662
0.965841
0.954862
0.949865
0.950603
0.955875
0.964191
0.974366
0.98597
0.999287
1.01505
1.0342
1.05738
1.0844
1.114
1.14378
1.1706
1.19119
1.20279
1.20359
1.19312
1.17219
1.14273
1.10763
1.07047
1.03493
1.00446
0.981799
0.968726
0.965857
0.972784
0.988219
1.01035
1.03713
1.06647
1.09618
1.12415
1.14824
1.1666
1.17795
1.18201
1.17958
1.17238
1.1624
1.15143
1.14065
1.13078
1.1223
1.1156
1.11099
1.10879
1.10921
1.11198
1.11627
1.12057
1.12291
1.12157
1.11542
1.10469
1.09083
1.07626
1.06365
1.05509
1.05173
1.0536
1.05977
1.06889
1.07947
1.09001
1.09879
1.1043
1.10514
1.10027
1.08935
1.07304
1.0531
1.03232
1.01407
1.00135
0.996211
0.999301
1.00993
1.02646
1.04675
1.06854
1.08982
1.10892
1.12466
1.13635
1.14372
1.1468
1.14598
1.14202
1.13617
1.12975
1.12377
1.11842
1.11282
1.10541
1.09471
1.08009
1.0622
1.04318
1.02623
1.01536
1.01456
1.02665
1.05165
1.08603
1.12378
1.15864
1.18574
1.20226
1.20719
1.20114
1.18622
1.16577
1.14364
1.12305
1.10574
1.0919
1.08093
1.0722
1.06531
1.0602
1.05692
1.05536
1.05505
1.05521
1.05488
1.05304
1.04886
1.04192
1.03255
1.02198
1.01236
1.00624
1.00572
1.01183
1.02416
1.04123
1.06097
1.08123
1.10019
1.1164
1.12881
1.13707
1.14154
1.1431
1.14286
1.14167
1.13996
1.13782
1.13526
1.13232
1.12904
1.12534
1.12098
1.1155
1.10846
1.0996
1.08902
1.07741
1.06585
1.0556
1.04785
1.04344
1.04252
1.04461
1.04868
1.05338
1.05728
1.05906
1.05788
1.05349
1.04645
1.03816
1.03056
1.02579
1.02565
1.03123
1.04258
1.05883
1.07861
1.10053
1.12322
1.14547
1.16599
1.18345
1.1966
1.20457
1.20703
1.20437
1.19743
1.18717
1.17438
1.15934
1.14183
1.12153
1.09869
1.07465
1.05202
1.0341
1.02342
1.02052
1.0237
1.03018
1.03771
1.04536
1.05311
1.06126
1.06965
1.07764
1.08434
1.089
1.09118
1.09071
1.08777
1.08294
1.07711
1.07156
1.06738
1.06504
1.06436
1.0646
1.06467
1.06329
1.05932
1.05195
1.04103
1.02735
1.01277
0.999967
0.991801
0.990358
0.995959
1.00716
1.02142
1.0362
1.04989
1.06217
1.07382
1.08613
1.1001
1.11587
1.13255
1.14834
1.16124
1.16971
1.17293
1.17084
1.16389
1.15285
1.13843
1.12113
1.10162
1.08118
1.06197
1.04669
1.03765
1.03607
1.04165
1.05308
1.06839
1.08547
1.10246
1.11793
1.13101
1.14117
1.14799
1.15098
1.1496
1.14343
1.13246
1.11723
1.09881
1.07881
1.05927
1.04244
1.03054
1.02537
1.02773
1.03705
1.05121
1.06702
1.08096
1.08995
1.09206
1.08679
1.07513
1.05922
1.04205
1.02695
1.01666
1.013
1.01653
1.02658
1.04135
1.05825
1.07445
1.08783
1.09756
1.10412
1.10865
1.11222
1.11553
1.11896
1.12291
1.128
1.13474
1.14313
1.15273
1.16283
1.17268
1.18155
1.18869
1.19319
1.19406
1.19054
1.18227
1.16932
1.15214
1.13139
1.10797
1.08321
