9.20546
9.20052
9.17332
9.13549
9.08893
9.02852
8.96574
8.89715
8.82478
8.75707
8.69951
8.63903
8.59569
8.54369
8.50086
8.47441
8.46678
8.49356
8.55424
8.63923
8.74169
8.84108
8.92203
8.96612
8.97872
8.94953
8.88605
8.80965
8.71653
8.62704
8.55121
8.4992
8.4701
8.47993
8.52363
8.59532
8.69564
8.82073
8.96031
9.0903
9.21299
9.30378
9.35656
9.37842
9.36704
9.33338
9.28965
9.24892
9.22359
9.20974
9.21933
9.25065
9.2965
9.3514
9.40814
9.4614
9.5
9.51333
9.50471
9.47058
9.41203
9.32211
9.21462
9.10129
8.98927
8.8832
8.79852
8.73616
8.69332
8.67066
8.65992
8.65778
8.65424
8.64275
8.62598
8.60389
8.57529
8.55798
8.54463
8.54503
8.56263
8.59256
8.63473
8.68077
8.74237
8.81475
8.89221
8.96152
9.01664
9.03969
9.04204
9.0236
8.99888
8.98502
8.98615
9.00767
9.03671
9.08374
9.14359
9.20434
9.25664
9.29405
9.31626
9.31082
9.27646
9.2222
9.14301
9.05006
8.9577
8.87026
8.78727
8.71693
8.66662
8.62859
8.61908
8.63562
8.68116
8.75244
8.83809
8.93232
9.02873
9.12661
9.20297
9.25581
9.28626
9.28368
9.25519
9.2055
9.14224
9.07994
9.02416
8.97898
8.93243
8.89318
8.8507
8.81233
8.77556
8.73963
8.71638
8.70941
8.72173
8.75164
8.80196
8.87527
8.95618
9.03699
9.11504
9.17441
9.20406
9.20308
9.17275
9.12105
9.06117
9.00931
8.97016
8.94834
8.94329
8.95576
8.99257
9.04191
9.10473
9.1765
9.24993
9.31381
9.3674
9.39026
9.37255
9.32708
9.2638
9.18877
9.10539
9.03749
8.98106
8.93131
8.89029
8.85029
8.81571
8.77458
8.72591
8.68168
8.64295
8.63354
8.64017
8.67256
8.71941
8.7812
8.84114
8.88116
8.89864
8.89246
8.87443
8.8463
8.8229
8.81286
8.83065
8.86394
8.91339
8.96945
9.02424
9.07218
9.11654
9.15674
9.18576
9.20354
9.21863
9.22843
9.23086
9.22655
9.21868
9.20398
9.18233
9.15205
9.11087
9.06258
9.0072
8.95022
8.89968
8.85231
8.81715
8.79043
8.78101
8.78207
8.8025
8.83505
8.88233
8.93225
8.9816
9.01622
9.03258
9.02152
8.98938
8.92643
8.85673
8.78358
8.72081
8.68018
8.6545
8.64459
8.65692
8.68676
8.71347
8.75447
8.79247
8.82971
8.87587
8.92675
8.98584
9.04338
9.10176
9.15424
9.19328
9.20586
9.1926
9.15826
9.10856
9.05593
9.00927
8.98675
8.98962
9.02078
9.08583
9.16151
9.23208
9.28342
9.3047
9.29269
9.25448
9.18837
9.10982
9.02888
8.94311
8.86656
8.79495
8.74013
8.7074
8.69955
8.71034
8.74338
8.7925
8.84441
8.89909
8.94739
8.98309
9.00358
9.01643
9.02182
9.01666
9.01325
8.99668
8.9724
8.93731
8.89507
8.85957
8.82935
8.81686
8.81888
8.83957
8.87476
8.9159
8.95866
9.00313
9.04737
9.09201
9.12998
9.15967
9.18078
9.19153
9.18229
9.1589
9.12285
9.0656
8.98666
8.89618
8.79647
8.69618
8.61442
8.55419
8.52892
8.5378
8.5775
8.64692
8.73579
8.83825
8.95668
9.0899
9.22277
9.34817
9.46476
9.54803
9.58836
9.59754
9.5663
9.50311
9.42284
9.33142
9.23606
9.14866
9.08006
9.02777
8.99471
8.97311
8.9705
8.9681
8.95268
8.91756
8.86803
8.80614
8.74332
8.69583
8.67792
8.70542
8.773
8.87602
8.9917
9.10471
9.19683
9.25681
9.28108
9.2784
9.23936
9.18545
9.11216
9.0304
8.94578
8.85886
8.78404
8.71917
8.68751
8.68541
8.7187
8.77672
8.85685
8.94515
9.03418
9.11807
9.20146
9.26597
9.31527
9.33929
9.3434
9.31726
9.26207
9.18108
9.06755
8.93581
8.79994
8.67588
8.58213
8.51545
8.48573
8.48903
8.52949
8.59021
8.66087
8.7423
8.84347
8.94898
9.0543
9.14765
9.23253
9.29683
9.33449
9.34021
9.3359
9.30878
9.26701
9.21538
9.14759
9.06639
8.97357
8.87081
8.78254
8.70969
8.65724
8.62614
8.62118
8.63014
8.66048
8.71509
8.78967
8.87591
8.96742
9.0591
9.13978
9.20039
9.2428
9.27019
9.28023
9.26917
9.23312
9.16353
9.05197
8.91388
8.76091
8.60807
8.48601
8.40105
8.37054
8.39583
8.479
8.59316
8.72741
8.8582
8.9758
9.06745
9.12945
9.17759
9.198
9.19783
9.16956
9.11767
9.04324
8.95342
8.85273
8.75191
8.66097
8.59175
8.54125
8.5132
8.50904
8.51389
8.52922
8.56258
8.61578
8.6875
8.78064
8.87885
8.98378
9.08056
9.16819
9.25203
9.32348
9.38172
9.43419
9.46529
9.48132
9.47721
9.44803
9.39062
9.32299
9.24671
9.17497
9.11175
9.05688
9.01198
8.97146
8.93462
8.90197
8.87377
8.85304
8.83388
8.826
8.82217
8.82381
8.83587
8.85865
8.89322
8.94415
9.00481
9.07654
9.14578
9.20624
9.24947
9.26497
9.25826
9.22138
9.16444
9.09404
9.02151
8.95697
8.91277
8.88331
8.87681
8.8759
8.87566
8.85963
8.82982
8.75941
8.67108
8.58332
8.50249
8.45982
8.44467
8.46662
8.5125
8.58149
8.65588
8.72942
8.79427
8.85754
8.91733
8.99133
9.08028
9.18563
9.30327
9.41713
9.51054
9.56782
9.58089
9.55127
9.47625
9.36862
9.25308
9.13649
9.03974
8.95961
8.89837
8.85657
8.81292
8.77195
8.73684
8.70989
8.70172
8.71485
8.7644
8.83774
8.93306
9.03105
9.10966
9.15999
9.17153
9.15244
9.09741
9.02092
8.93337
8.83948
8.7646
8.69875
8.6557
8.63834
8.65247
8.69386
8.76376
8.84844
8.93883
9.02988
9.10761
9.17633
9.23631
9.2821
9.31116
9.31164
9.28953
9.24324
9.18565
9.1092
9.02865
8.94622
8.86073
8.77771
8.71404
8.65876
8.62806
8.61884
8.6359
8.6801
8.75087
8.84546
8.95516
9.05441
9.14573
9.20205
9.21882
9.19232
9.12979
9.03751
8.9287
8.82795
8.74277
8.68742
8.66138
8.66301
8.69282
8.73052
8.78206
8.83778
8.89489
8.9529
9.00544
9.05418
9.09283
9.11616
9.12212
9.11097
9.08012
9.04475
9.01934
9.00069
9.00476
9.03875
9.09935
9.17854
9.26653
9.35514
9.42704
9.46836
9.45764
9.3961
9.28377
9.13794
8.9714
8.80388
8.66037
8.53789
8.4627
8.43631
8.45469
8.52053
8.62191
8.73974
8.86957
8.98411
9.07072
9.11563
9.11313
9.06168
8.97867
8.87875
8.76995
8.66975
8.58137
8.52432
8.4948
8.50603
8.54423
8.61875
8.71416
8.81552
8.91594
9.00192
9.07925
9.15435
9.23121
9.31717
9.40883
9.49707
9.56393
9.61436
9.63151
9.62257
9.59014
9.54059
9.48014
9.41689
9.34973
9.26435
9.15804
9.03904
8.90169
8.75732
8.6101
8.48633
8.40175
8.36093
8.37211
8.43518
8.55172
8.70576
8.8854
9.07035
9.2504
9.40476
9.51192
9.56784
9.5811
9.53784
9.46088
9.35229
9.21191
9.06467
8.91662
8.77226
8.65119
8.56166
8.50239
8.48504
8.49764
8.5398
8.59078
8.64988
8.70521
8.75807
8.80324
8.83903
8.86491
8.87306
8.86795
8.85058
8.82754
8.80502
8.78777
8.79223
8.81857
8.86349
8.91476
8.97606
9.02491
9.05902
9.07554
9.06709
9.04477
9.00673
8.96941
8.92906
8.89973
8.88595
8.89989
8.93695
9.00266
9.09664
9.2
9.30075
9.38642
9.44137
9.45899
9.43974
9.38647
9.3021
9.19825
9.08499
8.97993
8.88271
8.797
8.739
8.69606
8.67373
8.67778
8.6937
8.71989
8.74876
8.77518
8.79993
8.82813
8.86605
8.91923
8.98788
9.06643
9.14063
9.20851
9.24066
9.23162
9.15893
9.03217
8.86605
8.69277
8.53705
8.42002
8.34906
8.33609
8.37145
8.44276
8.54571
8.65163
8.75323
8.84327
8.91524
8.97451
9.02473
9.06591
9.09692
9.11664
9.12411
9.12777
9.12883
9.12784
9.13784
9.15514
9.18509
9.23108
9.27469
9.31644
9.34069
9.33974
9.30127
9.24108
9.15369
9.04879
8.95105
8.85449
8.77476
8.71267
8.67289
8.65329
8.64988
8.65562
8.66367
8.68008
8.69731
8.71518
8.73632
8.7594
8.78238
8.80776
8.83195
8.86334
8.90379
8.95559
9.00813
9.0596
9.10184
9.13909
9.15553
9.15796
9.14895
9.13263
9.11231
9.09421
9.09434
9.11029
9.13521
9.17257
9.20962
9.24126
9.25768
9.24742
9.21957
9.15891
9.07339
8.96753
8.85755
8.74176
8.62725
8.52345
8.43411
8.36995
8.33485
8.31943
8.33684
8.36913
8.42462
8.49829
8.58572
8.68068
8.79025
8.91098
9.03376
9.13587
9.21956
9.26308
9.27439
9.25466
9.22104
9.17497
9.12402
9.08065
9.03374
8.98798
8.95043
8.91457
8.8934
8.88494
8.89433
8.91592
8.94379
8.97027
9.00016
9.0273
9.04263
9.04636
9.05391
9.06105
9.07549
9.10365
9.14675
9.20002
9.26789
9.33546
9.39654
9.42631
9.43355
9.4104
9.36061
9.3019
9.22967
9.16904
9.1158
9.05651
8.99374
8.93148
8.85024
8.77253
8.69539
8.63264
8.58903
8.56821
8.57968
8.61357
8.6651
8.72604
8.80481
8.89062
8.97914
9.06182
9.12559
9.15954
9.16074
9.13319
9.07768
9.01237
8.93247
8.85396
8.78361
8.72951
8.68549
8.66251
8.656
8.67203
8.711
8.77214
8.8468
8.9352
9.02561
9.11105
9.17891
9.22206
9.23219
9.21128
9.16751
9.09932
9.02358
8.96082
8.92116
8.92212
8.95
9.00658
9.08267
9.15507
9.21756
9.25661
9.26971
9.25378
9.19924
9.13175
9.05912
8.98882
8.93675
8.89663
8.87008
8.84833
8.82721
8.81277
8.7953
8.77911
8.74837
8.71555
8.67053
8.6228
8.57388
8.52875
8.48946
8.45731
8.43978
8.43745
8.46262
8.50191
8.56194
8.64294
8.73989
8.845
8.96565
