-5.67326
-5.67258
-5.67513
-5.67604
-5.67526
-5.67638
-5.67548
-5.67579
-5.67798
-5.67948
-5.67839
-5.68057
-5.67633
-5.67758
-5.67775
-5.67678
-5.67754
-5.67624
-5.67428
-5.6741
-5.67359
-5.67443
-5.67532
-5.67807
-5.67698
-5.67739
-5.67921
-5.67725
-5.6783
-5.67815
-5.67716
-5.67501
-5.67535
-5.67272
-5.67009
-5.66976
-5.66985
-5.66914
-5.6677
-5.67046
-5.66965
-5.67069
-5.6728
-5.67226
-5.67252
-5.67286
-5.67294
-5.67212
-5.66948
-5.67027
-5.67071
-5.67122
-5.67285
-5.67466
-5.67603
-5.67562
-5.67535
-5.67745
-5.67836
-5.67833
-5.67668
-5.67785
-5.67851
-5.67763
-5.67685
-5.67847
-5.67866
-5.6785
-5.67903
-5.67836
-5.67783
-5.67614
-5.67523
-5.67601
-5.67618
-5.67597
-5.6776
-5.67552
-5.6759
-5.67622
-5.67557
-5.67562
-5.6754
-5.67811
-5.67821
-5.67739
-5.67608
-5.67601
-5.67457
-5.67617
-5.67542
-5.67603
-5.67699
-5.67578
-5.67412
-5.67112
-5.67268
-5.6727
-5.67124
-5.67059
-5.67142
-5.67306
-5.67256
-5.67345
-5.67532
-5.67454
-5.67557
-5.67673
-5.67545
-5.67337
-5.67346
-5.67381
-5.67249
-5.67465
-5.67447
-5.67425
-5.67276
-5.67036
-5.67002
-5.67113
-5.67276
-5.67101
-5.67235
-5.67417
-5.67349
-5.67441
-5.67491
-5.67587
-5.67792
-5.6785
-5.67802
-5.67591
-5.67742
-5.67739
-5.67938
-5.67944
-5.67914
-5.68035
-5.67984
-5.67824
-5.67623
-5.67578
-5.67568
-5.67338
-5.67318
-5.67448
-5.67343
-5.67229
-5.67225
-5.67223
-5.67303
-5.6749
-5.67685
-5.67634
-5.67503
-5.67333
-5.67289
-5.67375
-5.67239
-5.67304
-5.67346
-5.67335
-5.67307
-5.67397
-5.67187
-5.6716
-5.67467
-5.67536
-5.6729
-5.67044
-5.67225
-5.67135
-5.67108
-5.67313
-5.67466
-5.67664
-5.67482
-5.67366
-5.67434
-5.67389
-5.6755
-5.67208
-5.67245
-5.67255
-5.6751
-5.67502
-5.67395
-5.67473
-5.67528
-5.67577
-5.67347
-5.67251
-5.67192
-5.67274
-5.67093
-5.67151
-5.671
-5.67002
-5.66945
-5.67054
-5.671
-5.67051
-5.67167
-5.67412
-5.67397
-5.67282
-5.67227
-5.67267
-5.67276
-5.67352
-5.67402
-5.67422
-5.67505
-5.67551
-5.67686
-5.67816
-5.67742
-5.67791
-5.67704
-5.67775
-5.67682
-5.67781
-5.67685
-5.67688
-5.67538
-5.67532
-5.67447
-5.67512
-5.67496
-5.67554
-5.6735
-5.67549
-5.67497
-5.67582
-5.67649
-5.67478
-5.67534
-5.67757
-5.67728
-5.67483
-5.67766
-5.67602
-5.67667
-5.67827
-5.6769
-5.67546
-5.67301
-5.67353
-5.67386
-5.67373
-5.67281
-5.67397
-5.67549
-5.67596
-5.67591
-5.67463
-5.67403
-5.67155
-5.67085
-5.6721
-5.67061
-5.6714
-5.67359
-5.67549
-5.67659
-5.677
-5.67562
-5.67696
-5.6775
-5.67564
-5.67528
-5.67284
-5.67319
-5.67344
-5.67298
-5.67151
-5.67201
-5.67192
-5.67198
-5.67481
-5.67623
-5.67652
-5.67622
-5.67651
-5.6754
-5.67454
-5.67625
-5.67475
-5.67591
-5.67615
-5.67668
-5.67741
-5.67536
-5.67535
-5.67491
-5.67643
-5.67675
-5.67557
-5.6748
-5.67505
-5.67534
-5.67569
-5.67478
-5.6749
-5.67571
-5.67626
-5.67622
-5.67883
-5.6802
-5.67869
-5.67783
-5.67853
-5.67813
-5.67884
-5.68096
-5.68057
-5.68094
-5.67928
-5.67728
-5.6757
-5.67296
-5.67159
-5.67255
-5.67324
-5.6721
-5.67274
-5.67393
-5.67115
-5.67083
-5.67388
-5.67339
-5.67442
-5.67594
-5.6753
-5.67445
-5.67468
-5.67474
-5.67303
-5.67288
-5.6734
-5.67664
-5.67587
-5.67533
-5.67664
-5.67938
-5.67987
-5.67921
-5.67786
-5.67641
-5.67592
-5.67366
-5.67215
-5.6693
-5.66844
-5.6683
-5.66946
-5.67149
-5.67354
-5.67226
-5.67471
-5.67442
-5.6763
-5.67747
-5.67726
-5.67789
-5.67639
-5.67823
-5.67696
-5.67691
-5.6756
-5.67573
-5.67476
-5.67494
-5.67591
-5.67732
-5.67461
-5.67424
-5.67296
-5.67401
-5.67352
-5.67474
-5.67571
-5.67442
-5.67529
-5.67561
-5.67525
-5.67454
-5.67191
-5.67336
-5.6755
-5.67844
-5.67701
-5.67572
-5.67679
-5.67822
-5.67482
-5.67244
-5.67113
-5.67323
-5.67325
-5.6731
-5.67332
-5.67641
-5.67419
-5.67479
-5.6757
-5.6747
-5.67437
-5.67398
-5.67477
-5.67925
-5.68001
-5.67998
-5.67922
-5.67845
-5.67574
-5.6766
-5.67747
-5.67674
-5.67542
-5.6752
-5.67549
-5.67436
-5.67305
-5.67342
-5.67407
-5.67402
-5.67433
-5.67508
-5.67503
-5.67512
-5.67813
-5.67935
-5.67956
-5.68063
-5.67802
-5.67733
-5.67643
-5.67683
-5.67519
-5.67719
-5.67837
-5.67998
-5.67924
-5.67857
-5.67943
-5.67598
-5.67572
-5.67547
-5.67787
-5.67997
-5.6814
-5.68076
-5.67989
-5.67909
-5.67904
-5.67821
-5.67965
-5.68086
-5.67897
-5.67878
-5.6792
-5.67821
-5.67682
-5.67609
-5.6732
-5.67273
-5.67079
-5.67155
-5.67367
-5.67356
-5.67444
-5.67599
-5.67401
-5.67467
-5.67376
-5.67227
-5.67176
-5.67442
-5.67464
-5.67563
-5.67518
-5.67402
-5.67317
-5.67172
-5.6716
-5.67248
-5.67369
-5.67491
-5.67482
-5.67635
-5.67527
-5.67516
-5.67567
-5.67518
-5.67461
-5.67462
-5.67366
-5.67405
-5.67295
-5.67302
-5.67297
-5.67276
-5.6743
-5.6736
-5.6748
-5.67551
-5.67666
-5.67789
-5.67923
-5.67849
-5.67967
-5.67804
-5.67823
-5.67741
-5.67751
-5.67324
-5.67573
-5.67766
-5.67725
-5.67969
-5.67735
-5.67849
-5.67843
-5.67991
-5.67841
-5.67713
-5.67535
-5.67519
-5.67428
-5.67613
-5.67586
-5.6755
-5.67453
-5.67214
-5.67036
-5.66989
-5.67103
-5.67236
-5.67141
-5.67158
-5.67269
-5.67116
-5.67155
-5.67012
-5.67092
-5.67217
-5.67069
-5.67293
-5.67489
-5.67549
-5.67623
-5.67611
-5.67775
-5.67641
-5.67712
-5.67649
-5.67625
-5.67834
-5.67976
-5.68128
-5.67885
-5.67783
-5.67656
-5.6757
-5.67788
-5.67537
-5.67597
-5.67612
-5.67683
-5.67684
-5.67787
-5.67712
-5.67689
-5.67688
-5.6757
-5.67749
-5.67899
-5.67892
-5.67828
-5.67643
-5.67722
-5.67736
-5.67841
-5.67644
-5.67728
-5.67642
-5.67483
-5.67511
-5.6769
-5.67472
-5.67568
-5.67429
-5.67379
-5.67353
-5.67391
-5.67465
-5.67458
-5.67315
-5.67591
-5.6748
-5.67589
-5.67681
-5.67772
-5.67718
-5.6773
-5.67902
-5.67846
-5.67861
-5.67732
-5.67666
-5.67674
-5.67471
-5.67641
-5.67596
-5.67559
-5.67525
-5.67428
-5.67466
-5.67415
-5.67373
-5.67374
-5.6735
-5.67259
-5.67384
-5.67391
-5.67114
-5.67203
-5.6731
-5.67284
-5.67233
-5.67263
-5.67382
-5.67369
-5.67325
-5.67183
-5.67354
-5.67497
-5.67722
-5.67751
-5.67803
-5.67878
-5.6766
-5.67936
-5.6794
-5.6784
-5.67873
-5.67755
-5.67661
-5.67858
-5.67769
-5.67785
-5.67703
-5.67606
-5.67543
-5.67723
-5.67781
-5.67646
-5.6761
-5.67484
-5.6763
-5.67536
-5.67627
-5.67425
-5.67551
-5.67399
-5.67301
-5.67394
-5.67416
-5.67609
-5.67694
-5.67662
-5.67677
-5.67591
-5.67452
-5.67304
-5.67473
-5.67304
-5.67364
-5.67384
-5.67486
-5.67671
-5.6788
-5.6783
-5.67527
-5.67492
-5.67692
-5.67668
-5.67767
-5.67781
-5.68058
-5.68075
-5.67802
-5.67603
-5.67458
-5.67445
-5.67284
-5.67246
-5.67208
-5.67304
-5.67179
-5.67019
-5.67206
-5.67534
-5.67473
-5.6776
-5.67641
-5.67438
-5.67635
-5.67584
-5.67511
-5.67709
-5.67757
-5.67691
-5.67844
-5.67742
-5.6775
-5.67519
-5.67566
-5.67531
-5.67667
-5.67712
-5.6776
-5.6778
-5.67705
-5.67829
-5.67919
-5.68003
-5.6798
-5.67904
-5.67971
-5.67797
-5.67586
-5.67449
-5.67656
-5.67567
-5.67696
-5.67745
-5.67637
-5.67718
-5.67657
-5.67808
-5.67718
-5.6787
-5.67941
-5.6803
-5.67847
-5.67787
-5.67631
-5.67228
-5.67044
-5.67021
-5.67032
-5.67165
-5.67312
-5.67327
-5.67233
-5.67248
-5.67306
-5.67439
-5.67295
-5.67266
-5.67454
-5.67282
-5.67401
-5.67553
-5.67388
-5.67395
-5.67384
-5.67417
-5.67521
-5.67621
-5.67644
-5.67584
-5.67449
-5.67313
-5.67258
-5.67489
-5.67434
-5.67647
-5.67604
-5.67836
-5.67984
-5.68145
-5.68078
-5.67922
-5.67696
-5.67647
-5.67435
-5.67366
-5.67553
-5.67487
-5.67684
-5.67808
-5.67812
-5.67909
-5.67933
-5.67824
-5.67647
-5.67471
-5.6736
-5.67407
-5.67351
-5.67318
-5.67502
-5.67514
-5.67682
-5.67817
-5.67668
-5.67796
-5.67722
-5.6764
-5.67478
-5.67609
-5.67405
-5.67442
-5.67715
-5.67549
-5.67624
-5.67558
-5.67549
-5.67476
-5.67378
-5.67258
-5.67212
-5.67368
-5.67331
-5.67392
-5.67517
-5.67546
-5.6751
-5.67505
-5.67463
-5.67644
-5.67756
-5.6777
-5.67561
-5.67491
-5.67434
-5.67518
-5.67323
-5.67423
-5.67488
-5.67514
-5.67527
-5.67655
-5.67898
-5.67774
-5.67548
-5.6755
-5.67465
-5.67559
-5.67643
-5.67714
-5.6793
-5.67666
-5.67623
-5.67632
-5.67789
-5.67673
-5.67674
-5.6776
-5.678
-5.67925
-5.67908
-5.67756
-5.67962
-5.67849
-5.68071
-5.68043
-5.67826
-5.67544
-5.67485
-5.67327
-5.67112
-5.66919
-5.6721
-5.67208
-5.67417
-5.67392
-5.67438
-5.67327
-5.6746
-5.67719
-5.67592
-5.67597
-5.67596
-5.67425
-5.6757
-5.67579
-5.67617
-5.67461
-5.6731
-5.67295
-5.67551
-5.67592
-5.6748
-5.67531
-5.67771
-5.67646
-5.67572
-5.67454
-5.67229
-5.66998
-5.66998
-5.66849
-5.66854
-5.66758
-5.67142
-5.67214
-5.67279
-5.67452
-5.67403
-5.67818
-5.67836
-5.67695
-5.67858
-5.67968
-5.67663
-5.6784
-5.67679
-5.67691
-5.67652
-5.67667
-5.67743
-5.67465
-5.67193
-5.66995
-5.67094
-5.66971
-5.66954
-5.66955
-5.66917
-5.66906
-5.66977
-5.67052
-5.67021
-5.67134
-5.66967
-5.67168
-5.67385
-5.67591
-5.67596
-5.67791
-5.67755
-5.67779
-5.67668
-5.67457
-5.67152
-5.67017
-5.66799
-5.66697
-5.66616
-5.66688
-5.66813
-5.67049
-5.67188
-5.67022
-5.67087
-5.67278
-5.67371
-5.67503
-5.67234
-5.67261
-5.67272
-5.67212
-5.67509
-5.67773
-5.68059
-5.68131
-5.68039
-5.68388
-5.68389
-5.68233
-5.68147
-5.67821
-5.67688
-5.67565
-5.67616
-5.67805
-5.67708
-5.67678
-5.67428
-5.67572
-5.6746
-5.67572
-5.6758
-5.67581
-5.6751
-5.67432
-5.67442
-5.67378
-5.67402
-5.67096
-5.67146
-5.6723
-5.67256
-5.67322
-5.67593
-5.67428
