0.695407
0.696889
0.700329
0.705575
0.712381
0.720336
0.729049
0.737985
0.746643
0.754607
0.761741
0.768192
0.774289
0.78018
0.785479
0.789254
0.790214
0.787217
0.779748
0.768265
0.754291
0.740198
0.728612
0.721613
0.720241
0.724251
0.732541
0.743674
0.756141
0.768442
0.779149
0.786963
0.79092
0.790461
0.785404
0.775829
0.762168
0.745263
0.726455
0.70763
0.690899
0.678137
0.67054
0.668275
0.670578
0.676051
0.683004
0.689715
0.694612
0.696578
0.695042
0.690097
0.682486
0.673345
0.663961
0.655577
0.649216
0.645719
0.645768
0.649857
0.658114
0.670234
0.685281
0.701866
0.718383
0.733392
0.745763
0.754958
0.761019
0.76442
0.765941
0.766518
0.767028
0.768177
0.770347
0.773511
0.777146
0.780398
0.782324
0.782261
0.779962
0.775654
0.769707
0.762339
0.753554
0.743412
0.732533
0.722292
0.714547
0.710682
0.710872
0.713949
0.718032
0.72131
0.72253
0.721135
0.717057
0.710662
0.702657
0.69403
0.685936
0.679555
0.675902
0.675719
0.679363
0.686702
0.697093
0.709467
0.722565
0.735264
0.7467
0.756368
0.763918
0.7689
0.77081
0.769234
0.764076
0.755611
0.744417
0.73143
0.717787
0.704756
0.693577
0.685365
0.680939
0.680597
0.683987
0.690178
0.697861
0.705704
0.712783
0.718729
0.723702
0.728198
0.732765
0.73769
0.742949
0.748058
0.752308
0.754956
0.755273
0.752773
0.74732
0.739199
0.729152
0.71834
0.708325
0.700689
0.696687
0.696869
0.700839
0.707346
0.714792
0.72165
0.726755
0.729399
0.729182
0.726044
0.720122
0.711786
0.701598
0.690242
0.678607
0.667889
0.659556
0.65518
0.655853
0.66164
0.671378
0.683119
0.694893
0.705358
0.714021
0.721017
0.726962
0.732703
0.738979
0.746148
0.753944
0.76152
0.76764
0.771015
0.770647
0.766342
0.758855
0.749758
0.741086
0.734697
0.731718
0.732317
0.735637
0.740059
0.743666
0.744785
0.742558
0.73719
0.729829
0.721785
0.714004
0.706868
0.700595
0.695291
0.691131
0.688206
0.68649
0.68584
0.686029
0.686841
0.688155
0.690104
0.693023
0.697198
0.702671
0.709222
0.716443
0.723885
0.731034
0.737367
0.742446
0.745951
0.747632
0.747358
0.745005
0.740612
0.734511
0.727427
0.720484
0.71497
0.712141
0.712902
0.717494
0.725289
0.734879
0.744548
0.752794
0.758624
0.761692
0.762139
0.760388
0.757043
0.752779
0.748136
0.743445
0.738745
0.733763
0.72805
0.721222
0.713314
0.704913
0.69709
0.691124
0.688139
0.688724
0.692815
0.699499
0.707274
0.714248
0.718528
0.718667
0.714052
0.705251
0.693965
0.682797
0.674444
0.670754
0.672197
0.678056
0.687042
0.698004
0.710015
0.72223
0.733794
0.743819
0.751506
0.756323
0.757942
0.756328
0.751715
0.744736
0.736516
0.72838
0.721622
0.717065
0.71467
0.713901
0.714112
0.714971
0.716491
0.71902
0.722975
0.728471
0.735042
0.741608
0.746741
0.749281
0.748862
0.745878
0.7411
0.735204
0.728638
0.721714
0.714714
0.708014
0.701894
0.696698
0.692801
0.69058
0.690407
0.692684
0.697737
0.705733
0.7165
0.729412
0.743435
0.757248
0.769304
0.778107
0.782599
0.782371
0.77772
0.769421
0.758178
0.744513
0.728769
0.711454
0.693454
0.676078
0.66088
0.649374
0.642678
0.641313
0.645074
0.653118
0.664154
0.676765
0.689526
0.701128
0.710487
0.716889
0.720152
0.720754
0.719758
0.718643
0.718951
0.721989
0.728349
0.737541
0.74777
0.756336
0.760605
0.758861
0.750888
0.737911
0.72212
0.706109
0.692404
0.682872
0.678357
0.678682
0.682979
0.69016
0.699429
0.71023
0.722102
0.734398
0.746053
0.75564
0.761737
0.763389
0.760429
0.753478
0.743666
0.732235
0.720299
0.708725
0.698178
0.689231
0.682317
0.677857
0.676336
0.678292
0.684287
0.694645
0.709107
0.726605
0.745192
0.762453
0.776147
0.784792
0.788047
0.786532
0.781375
0.773625
0.764052
0.753106
0.740995
0.727911
0.714354
0.701186
0.689617
0.680834
0.675592
0.673898
0.675129
0.678519
0.683671
0.690673
0.699753
0.710821
0.72329
0.73611
0.748094
0.758176
0.765618
0.770117
0.771626
0.770211
0.76593
0.758843
0.749191
0.737566
0.725012
0.712847
0.702279
0.693993
0.688057
0.684145
0.682108
0.682412
0.686074
0.694199
0.70736
0.725068
0.745558
0.766164
0.783896
0.796029
0.800686
0.797089
0.785921
0.769244
0.750097
0.731558
0.715968
0.704383
0.696723
0.69231
0.690617
0.691499
0.6952
0.702042
0.712089
0.724872
0.739209
0.753486
0.766033
0.775627
0.781761
0.784779
0.785506
0.784711
0.782587
0.778627
0.772114
0.762766
0.750982
0.737701
0.723931
0.710545
0.698114
0.686984
0.677319
0.66929
0.663076
0.658882
0.657075
0.658092
0.662182
0.669177
0.678286
0.688262
0.697913
0.706459
0.713674
0.719703
0.72479
0.72916
0.732954
0.736234
0.738971
0.7411
0.74257
0.743303
0.743238
0.742198
0.739802
0.735572
0.72924
0.720931
0.711248
0.701292
0.692399
0.685853
0.682668
0.683432
0.688056
0.695898
0.705741
0.716017
0.725175
0.732008
0.735949
0.737198
0.736759
0.736285
0.737653
0.742426
0.751132
0.76289
0.775552
0.786433
0.793278
0.794939
0.791479
0.784011
0.774214
0.76377
0.753932
0.74523
0.737388
0.729518
0.720456
0.709262
0.695709
0.680524
0.665282
0.652185
0.643448
0.640819
0.644951
0.655277
0.670016
0.686709
0.702883
0.716623
0.727104
0.734635
0.740263
0.7452
0.750161
0.7551
0.759166
0.761043
0.759366
0.75324
0.74275
0.729107
0.714574
0.7018
0.69317
0.690077
0.692702
0.700168
0.710893
0.723172
0.735544
0.746861
0.756166
0.762619
0.765464
0.764181
0.75877
0.749862
0.738709
0.726732
0.715083
0.704414
0.695005
0.687121
0.681146
0.677605
0.677015
0.679582
0.685091
0.692942
0.702466
0.713012
0.724061
0.735077
0.745472
0.7546
0.761839
0.766602
0.768313
0.766403
0.76056
0.75082
0.737834
0.722977
0.708115
0.695428
0.686931
0.684083
0.687445
0.69651
0.709706
0.724831
0.739563
0.751859
0.760338
0.764436
0.764337
0.760891
0.755229
0.748345
0.74089
0.733217
0.725514
0.717993
0.71107
0.705327
0.701444
0.700038
0.701338
0.704939
0.709799
0.714348
0.716976
0.716414
0.712055
0.703974
0.69295
0.680292
0.667802
0.657647
0.652023
0.652785
0.660868
0.675964
0.696451
0.719798
0.743147
0.76392
0.780153
0.79058
0.794544
0.791899
0.783144
0.769346
0.752332
0.734451
0.71836
0.706521
0.700648
0.70141
0.708352
0.720098
0.734753
0.75026
0.764748
0.776685
0.784948
0.78879
0.787857
0.782177
0.772289
0.759328
0.745035
0.731303
0.719415
0.709377
0.700104
0.690275
0.679067
0.666726
0.654442
0.643894
0.636575
0.633243
0.633736
0.63725
0.642794
0.649577
0.657313
0.666192
0.6767
0.689468
0.70492
0.722934
0.742666
0.762519
0.780398
0.794124
0.801861
0.80239
0.795414
0.78146
0.761817
0.73842
0.713649
0.689951
0.669641
0.654532
0.645817
0.643905
0.648523
0.658813
0.673569
0.691422
0.710977
0.730789
0.749432
0.765496
0.777732
0.785298
0.788003
0.786386
0.781584
0.774934
0.767622
0.760434
0.753854
0.748203
0.743733
0.740659
0.739193
0.739475
0.741317
0.744183
0.747044
0.748609
0.747712
0.743614
0.736458
0.727221
0.717509
0.709097
0.703395
0.701152
0.7024
0.706514
0.712596
0.71965
0.72667
0.732529
0.736202
0.736757
0.73351
0.726237
0.715359
0.702065
0.688217
0.676047
0.667568
0.664141
0.666201
0.673287
0.684308
0.697832
0.712359
0.726546
0.739283
0.749776
0.757564
0.76248
0.764531
0.763985
0.761348
0.757445
0.753169
0.749183
0.745615
0.741879
0.73694
0.729809
0.720057
0.708134
0.695451
0.684154
0.676906
0.676374
0.684436
0.701097
0.724017
0.749186
0.772429
0.790494
0.801505
0.804794
0.800761
0.790812
0.77718
0.762428
0.7487
0.737157
0.727936
0.72062
0.714799
0.710204
0.706799
0.704611
0.703573
0.703363
0.703474
0.703256
0.70203
0.699239
0.694613
0.688367
0.681321
0.674905
0.670824
0.670479
0.674552
0.682773
0.694155
0.707311
0.72082
0.733462
0.744269
0.752539
0.758048
0.761027
0.762065
0.76191
0.761114
0.759976
0.758545
0.756837
0.754883
0.752692
0.750224
0.747321
0.74367
0.738971
0.733065
0.726013
0.718272
0.710566
0.703731
0.698564
0.695628
0.695015
0.696404
0.699121
0.702254
0.704856
0.706042
0.705252
0.702324
0.697634
0.692109
0.68704
0.683862
0.683769
0.687484
0.695053
0.705888
0.719075
0.733689
0.748814
0.763647
0.777329
0.788965
0.79773
0.803044
0.804687
0.802913
0.798289
0.791448
0.782923
0.772893
0.761223
0.747687
0.732463
0.71643
0.701346
0.6894
0.682281
0.680348
0.682466
0.686786
0.691806
0.696907
0.702073
0.707505
0.713099
0.718423
0.722894
0.725997
0.727455
0.727139
0.725182
0.721961
0.718074
0.714372
0.711588
0.710028
0.709573
0.709733
0.709783
0.708862
0.706216
0.701302
0.694022
0.684903
0.675183
0.666644
0.661201
0.660239
0.663973
0.671437
0.680946
0.690799
0.699925
0.708111
0.715882
0.724087
0.733399
0.743914
0.75503
0.765558
0.774162
0.779809
0.781955
0.780557
0.775929
0.768564
0.758952
0.747421
0.734413
0.720784
0.707977
0.697791
0.691766
0.69071
0.694436
0.702057
0.712258
0.723647
0.734974
0.745287
0.754007
0.760783
0.765328
0.767318
0.766403
0.762285
0.754975
0.744821
0.732542
0.719206
0.706178
0.694963
0.687028
0.68358
0.685152
0.69137
0.700806
0.711345
0.720638
0.726632
0.728037
0.724529
0.716752
0.706145
0.694703
0.684632
0.677771
0.675332
0.677689
0.684385
0.69423
0.705499
0.716297
0.725217
0.731706
0.736081
0.739102
0.741482
0.743688
0.745972
0.74861
0.752002
0.756492
0.762084
0.76849
0.775218
0.781786
0.787699
0.792457
0.795461
0.796042
0.793695
0.788179
0.779544
0.768092
0.754261
0.738648
0.722137
