           1     1.06737     1.06737           0
           2     1.36438     1.21587    0.148504
           3     1.29344     1.24173   0.0895519
           4     1.48427     1.30236    0.087672
           5     1.37499     1.31689   0.0694463
           6     1.45368     1.33969   0.0611144
           7     1.34991     1.34115   0.0516718
           8      1.2842     1.33403   0.0453117
           9     1.28208     1.32826   0.0403758
          10     1.25523     1.32095   0.0368441
          11     1.47378     1.33485   0.0361066
          12     1.41608     1.34162   0.0336485
          13     1.37208     1.34396   0.0310407
          14     1.28591     1.33981   0.0290358
          15     1.23179     1.33261   0.0279737
          16     1.34237     1.33322   0.0261741
          17     1.37685     1.33579   0.0247199
          18     1.24334     1.33065   0.0238653
          19     1.39708     1.33415   0.0228434
          20     1.46383     1.34063   0.0226204
          21     1.40131     1.34352   0.0217095
          22     1.36618     1.34455   0.0207248
          23     1.37119     1.34571   0.0198371
          24     1.29628     1.34365   0.0191039
          25     1.47752     1.34901   0.0190901
          26     1.36539     1.34964    0.018352
          27     1.46683     1.35398   0.0181849
          28     1.56988     1.36169   0.0191449
          29     1.27718     1.35877   0.0187013
          30     1.34274     1.35824   0.0180751
          31     1.40033      1.3596    0.017535
          32     1.32764      1.3586   0.0170075
          33     1.60156     1.36596   0.0180535
          34     1.34385     1.36531   0.0175266
          35     1.46971     1.36829   0.0172779
          36     1.45493      1.3707   0.0169627
          37      1.4478     1.37278   0.0166289
          38     1.48431     1.37572   0.0164494
          39     1.43546     1.37725   0.0160951
          40     1.40312      1.3779   0.0157009
          41     1.29256     1.37582   0.0154539
          42     1.44357     1.37743   0.0151675
          43     1.49715     1.38021     0.01507
          44     1.36551     1.37988   0.0147273
          45     1.27776     1.37761   0.0145741
          46     1.50739     1.38043   0.0145303
          47     1.48377     1.38263   0.0143868
          48     1.40736     1.38314   0.0140933
          49     1.31004     1.38165   0.0138831
          50     1.28597     1.37974   0.0137365
          51     1.32405     1.37865   0.0135087
          52     1.35979     1.37828   0.0132513
          53      1.2563     1.37598   0.0132011
          54     1.65355     1.38112   0.0139368
          55     1.43227     1.38205   0.0137127
          56      1.4025     1.38242   0.0134705
          57     1.42526     1.38317   0.0132534
          58     1.38644     1.38323    0.013023
          59     1.43357     1.38408   0.0128288
          60     1.28698     1.38246   0.0127166
          61     1.47779     1.38402   0.0126036
          62     1.40472     1.38436   0.0124032
          63     1.49044     1.38604   0.0123203
          64     1.42816      1.3867   0.0121441
          65     1.50839     1.38857   0.0121015
          66     1.48094     1.38997   0.0119987
          67     1.37394     1.38973   0.0118206
          68     1.50738     1.39146   0.0117733
          69     1.44904      1.3923   0.0116314
          70     1.36544     1.39191   0.0114705
          71      1.4646     1.39294    0.011354
          72     1.45061     1.39374   0.0112238
          73     1.30804     1.39256   0.0111311
          74     1.49453     1.39394   0.0110657
          75     1.36217     1.39352   0.0109254
          76     1.61056     1.39637   0.0111525
          77     1.39001     1.39629   0.0110071
          78     1.44788     1.39695   0.0108851
          79     1.55276     1.39893   0.0109259
          80     1.45127     1.39958   0.0108083
          81     1.48032     1.40058   0.0107205
          82     1.44857     1.40116   0.0106051
          83     1.30068     1.39995   0.0105463
          84     1.35994     1.39947   0.0104308
          85     1.33025     1.39866   0.0103395
          86     1.34972     1.39809   0.0102344
          87     1.32195     1.39722   0.0101539
          88     1.28848     1.39598   0.0101136
          89     1.50962     1.39726   0.0100805
          90     1.47221     1.39809   0.0100026
          91     1.28908     1.39689  0.00996435
          92     1.39088     1.39683  0.00985566
          93     1.35087     1.39633  0.00976163
          94     1.31983     1.39552  0.00969145
          95     1.53054     1.39694  0.00969365
          96     1.22181     1.39512  0.00976408
          97     1.31394     1.39428  0.00969907
          98     1.27921      1.3931  0.00967113
          99     1.35888     1.39276  0.00957919
         100     1.29313     1.39176   0.0095351
