100 0.0128248 0 0
100 0.0384745 0 0
100 0.0641241 0 0
100 0.0897737 0 0
100 0.115423 0 0
100 0.141073 0 0
100 0.166723 0 0
100 0.192372 0 0
100 0.218022 0 0
100 0.243672 0 0
100 0.269321 0 0
100 0.294971 0 0
100 0.32062 0 0
100 0.34627 0 0
100 0.37192 0 0
100 0.397569 0 0
100 0.423219 0 0
100 0.448869 0 0
100 0.474518 0 0
100 0.500168 0 0
100 0.525818 0 0
100 0.551467 0 0
100 0.577117 0 0
100 0.602767 0 0
100 0.628416 0 0
100 0.654066 0 0
100 0.679715 0 0
100 0.705365 0 0
100 0.731015 0 0
100 0.756664 0 0
100 0.782314 0 0
100 0.807964 0 0
100 0.833613 3.82352e-05 1.02453e-05
100 0.859263 0.00131984 5.93997e-05
100 0.884913 0.026014 0.00024405
100 0.910562 0.174175 0.000820893
100 0.936212 0.594506 0.00208029
100 0.961861 1.2652 0.00301468
100 0.987511 1.95653 0.00292594
100 1.01316 2.45541 0.00283545
100 1.03881 2.68115 0.00257785
100 1.06446 2.677 0.00237204
100 1.09011 2.5262 0.00236654
100 1.11576 2.30696 0.00246203
100 1.14141 2.06487 0.00236609
100 1.16706 1.8321 0.00207331
100 1.19271 1.62868 0.00225464
100 1.21836 1.447 0.0021084
100 1.24401 1.2967 0.00178542
100 1.26966 1.17227 0.00168327
100 1.29531 1.06339 0.00130839
100 1.32096 0.978586 0.00120519
100 1.34661 0.905537 0.00126899
100 1.37226 0.846439 0.00108084
100 1.39791 0.800647 0.00114124
100 1.42355 0.763924 0.00115423
100 1.4492 0.735152 0.00114999
100 1.47485 0.714507 0.00112049
100 1.5005 0.700698 0.00105598
100 1.52615 0.694335 0.00108649
100 1.5518 0.693331 0.00115693
100 1.57745 0.699063 0.00123738
100 1.6031 0.708508 0.00114573
100 1.62875 0.725057 0.00110218
100 1.6544 0.747206 0.00115011
100 1.68005 0.772084 0.00101633
100 1.7057 0.803584 0.00109848
100 1.73135 0.839658 0.00102753
100 1.757 0.878284 0.00115191
100 1.78265 0.92021 0.00106104
100 1.8083 0.962309 0.00116835
100 1.83395 1.00438 0.00123294
100 1.8596 1.048 0.00116586
100 1.88525 1.08748 0.00124812
100 1.9109 1.12348 0.00119974
100 1.93655 1.15913 0.00114522
100 1.9622 1.18874 0.00103835
100 1.98785 1.21666 0.00104542
100 2.0135 1.23476 0.00102976
100 2.03915 1.24477 0.000998968
100 2.0648 1.24613 0.000914027
100 2.09045 1.24002 0.00105707
100 2.1161 1.2238 0.00112811
100 2.14174 1.20462 0.00117647
100 2.16739 1.17959 0.00115998
100 2.19304 1.15194 0.00114399
100 2.21869 1.12138 0.0010501
100 2.24434 1.09264 0.00101532
100 2.26999 1.06325 0.000959307
100 2.29564 1.0353 0.00101654
100 2.32129 1.01158 0.00091617
100 2.34694 0.988558 0.000834779
100 2.37259 0.967996 0.00083829
100 2.39824 0.951581 0.000898146
100 2.42389 0.937129 0.000859957
100 2.44954 0.928044 0.000901163
100 2.47519 0.913583 0.000906769
100 2.50084 0.903857 0.000832096
100 2.52649 0.902177 0.000929167
100 2.55214 0 0
