           1    -5.52828    -5.52828           0
           2    -5.46833    -5.49831   0.0299766
           3     -5.4882    -5.49494   0.0176317
           4    -5.45319     -5.4845   0.0162595
           5    -5.47669    -5.48294    0.012691
           6    -5.45057    -5.47754   0.0116825
           7    -5.47961    -5.47784  0.00987794
           8    -5.48777    -5.47908  0.00864423
           9    -5.49016    -5.48031  0.00772221
          10    -5.48905    -5.48119    0.006962
          11    -5.45704    -5.47899  0.00666911
          12    -5.44942    -5.47653  0.00656798
          13    -5.46552    -5.47568  0.00610068
          14    -5.47904    -5.47592  0.00565324
          15    -5.50145    -5.47762  0.00553133
          16    -5.47351    -5.47736  0.00518047
          17    -5.46797    -5.47681  0.00489746
          18    -5.49196    -5.47765  0.00469345
          19    -5.46324     -5.4769  0.00450387
          20    -5.44475    -5.47529  0.00456508
          21    -5.46784    -5.47493  0.00435673
          22     -5.4745    -5.47491  0.00415403
          23    -5.46972    -5.47469  0.00397572
          24    -5.49114    -5.47537  0.00386768
          25    -5.44288    -5.47407   0.0039309
          26     -5.4763    -5.47416  0.00377766
          27     -5.4464    -5.47313  0.00377767
          28    -5.43273    -5.47169  0.00391579
          29    -5.49433    -5.47247  0.00385814
          30    -5.47063    -5.47241  0.00372782
          31    -5.45893    -5.47197  0.00363169
          32    -5.47983    -5.47222  0.00352494
          33     -5.4207    -5.47066  0.00375626
          34    -5.47863    -5.47089  0.00365163
          35    -5.45381     -5.4704  0.00357918
          36    -5.45204    -5.46989  0.00351553
          37    -5.45436    -5.46947  0.00344489
          38     -5.4446    -5.46882  0.00341628
          39    -5.45385    -5.46844  0.00334959
          40    -5.45795    -5.46817  0.00327528
          41    -5.49338    -5.46879  0.00325303
          42    -5.45956    -5.46857  0.00318223
          43    -5.45261     -5.4682  0.00312942
          44    -5.46094    -5.46803  0.00306192
          45    -5.48309    -5.46837  0.00301175
          46    -5.44818    -5.46793  0.00297806
          47    -5.45483    -5.46765  0.00292731
          48     -5.4558     -5.4674  0.00287629
          49    -5.47936    -5.46765  0.00282753
          50    -5.48157    -5.46792  0.00278435
          51    -5.48776    -5.46831  0.00275677
          52    -5.47924    -5.46852  0.00271139
          53    -5.49655    -5.46905  0.00271179
          54    -5.41234      -5.468  0.00286081
          55    -5.45903    -5.46784  0.00281305
          56    -5.46065    -5.46771  0.00276535
          57    -5.45625    -5.46751  0.00272384
          58    -5.46622    -5.46749  0.00267655
          59    -5.45881    -5.46734   0.0026349
          60     -5.4894    -5.46771  0.00261657
          61    -5.46132     -5.4676  0.00257544
          62    -5.46127     -5.4675  0.00253563
          63    -5.43986    -5.46706  0.00253335
          64    -5.45645     -5.4669  0.00249895
          65    -5.43763    -5.46645  0.00250108
          66    -5.45974    -5.46634  0.00246499
          67    -5.46834    -5.46637   0.0024281
          68     -5.4393    -5.46598  0.00242504
          69    -5.46022    -5.46589  0.00239109
          70    -5.47186    -5.46598  0.00235823
          71    -5.44774    -5.46572  0.00233893
          72    -5.45529    -5.46558  0.00231077
          73    -5.48047    -5.46578  0.00228801
          74    -5.45358    -5.46562  0.00226289
          75    -5.47645    -5.46576  0.00223718
          76    -5.42341     -5.4652  0.00227679
          77    -5.45491    -5.46507    0.002251
          78    -5.45822    -5.46498  0.00222369
          79    -5.43119    -5.46455  0.00223665
          80    -5.45838    -5.46448  0.00220986
          81    -5.44813    -5.46427  0.00219172
          82    -5.45988    -5.46422  0.00216549
          83    -5.48453    -5.46447  0.00215319
          84    -5.46632    -5.46449  0.00212751
          85    -5.47555    -5.46462  0.00210636
          86    -5.47785    -5.46477  0.00208741
          87    -5.48359    -5.46499  0.00207458
          88    -5.48446    -5.46521  0.00206278
          89    -5.43424    -5.46486  0.00206894
          90    -5.45703    -5.46477  0.00204768
          91    -5.49835    -5.46514  0.00205839
          92    -5.46032    -5.46509  0.00203657
          93    -5.47453    -5.46519   0.0020171
          94    -5.48001    -5.46535  0.00200175
          95    -5.44623    -5.46515  0.00199076
          96    -5.49956    -5.46551  0.00200227
          97    -5.47844    -5.46564    0.001986
          98    -5.48713    -5.46586  0.00197782
          99    -5.47072    -5.46591  0.00195836
         100    -5.49494     -5.4662  0.00196029
