1 26.0904
2 25.725
3 25.725
4 24.9576
5 24.499
6 23.0582
7 22.5233
8 21.8875
9 21.3748
10 20.7295
11 20.7295
12 20.7295
13 19.6764
14 19.2378
15 19.2378
16 18.8613
17 18.6331
18 18.6331
19 18.385
20 17.8413
21 17.8413
22 17.6293
23 17.5931
24 17.4434
25 16.957
26 16.957
27 16.6559
28 16.6559
29 16.4836
30 16.4836
31 16.1339
32 15.744
33 15.6583
34 15.5007
35 15.3907
36 15.3907
37 15.3515
38 14.7778
39 14.7778
40 14.7184
41 14.636
42 14.4443
43 14.105
44 14.105
45 14.105
46 13.7519
47 13.7519
48 13.7519
49 13.7519
50 13.3302
51 13.1102
52 13.1102
53 13.1102
54 12.9874
55 12.7445
56 12.7445
57 12.4155
58 12.4155
59 12.2927
60 12.2927
61 12.2927
62 12.2927
63 12.2927
64 12.2927
65 12.2927
66 12.2927
67 11.8788
68 11.8788
69 11.7638
70 11.7638
71 11.7638
72 11.5563
73 11.5563
74 11.5563
75 11.5563
76 11.4047
77 11.4047
78 11.4047
79 11.4047
80 11.4047
81 11.3265
82 11.3265
83 11.3265
84 11.3265
85 11.3265
86 11.3265
87 11.3265
88 11.3265
89 11.3265
90 11.3265
91 11.2898
92 11.2599
93 11.1125
94 11.1125
95 11.0772
96 11.0459
97 10.8999
98 10.8999
99 10.8999
100 10.8999
101 10.8999
102 10.8999
103 10.8999
104 10.8999
105 10.8381
106 10.8381
107 10.8381
108 10.8381
109 10.8152
110 10.6128
111 10.5281
112 10.5281
113 10.5281
114 10.5281
115 10.5281
116 10.5281
117 10.5281
118 10.5281
119 10.5281
120 10.5281
121 10.5281
122 10.5281
123 10.5281
124 10.5281
125 10.5281
126 10.5281
127 10.5281
128 10.5281
129 10.5281
130 10.5281
131 10.5281
132 10.5281
133 10.5281
134 10.5281
135 10.5281
136 10.5281
137 10.5281
138 10.5281
139 10.5281
140 10.5281
141 10.5281
142 10.5281
143 10.5281
144 10.5281
145 10.5281
146 10.5281
147 10.5281
148 10.5281
149 10.5281
150 10.5281
151 10.5281
152 10.5281
153 10.5281
154 10.5281
155 10.5281
156 10.5281
157 10.5281
158 10.5281
159 10.5281
160 10.5281
161 10.5281
162 10.5281
163 10.5281
164 10.5281
165 10.5281
166 10.5281
167 10.5281
168 10.5281
169 10.5281
170 10.5281
171 10.5281
172 10.5281
173 10.5281
174 10.5281
175 10.5281
176 10.5281
177 10.5281
178 10.4576
179 10.3794
180 10.3794
181 10.3794
182 10.3794
183 10.3794
184 10.3794
185 10.2566
186 10.2566
187 10.2566
188 10.2566
189 10.2566
190 10.2566
191 10.2566
192 10.2566
193 10.2566
194 10.2566
195 10.2566
196 10.2566
197 10.2566
198 10.2566
199 10.2566
200 10.2566
201 10.2566
202 10.2566
203 10.2566
204 10.2566
205 10.2566
206 10.2566
207 10.2263
208 10.2263
209 10.2263
210 10.2263
211 10.2263
212 10.2263
213 10.2263
214 10.2263
215 10.2263
216 10.2263
217 10.2263
218 10.2263
219 10.2263
220 10.2263
221 10.2263
222 10.2263
223 10.2263
224 10.2263
225 10.2263
226 10.2263
227 10.2263
228 10.2263
229 10.2263
230 10.2263
231 10.2263
232 10.2263
233 10.2263
234 10.2263
235 10.2263
236 10.2263
237 10.2263
238 10.2263
239 10.2263
240 10.2263
241 10.2263
242 10.2263
243 10.2263
244 10.2263
245 10.2263
246 10.2263
247 10.2263
248 10.2263
249 10.2263
250 10.2263
251 10.2263
252 10.2263
253 10.2263
254 10.2263
255 10.2263
256 10.2263
257 10.2263
258 10.2263
259 10.2263
260 10.2263
261 10.2263
262 10.2263
263 10.2263
264 10.2263
265 10.2263
266 10.2263
267 10.2263
268 10.2263
269 10.2263
270 10.2263
271 10.2263
272 10.2263
273 10.2263
274 10.2263
275 10.2263
276 10.2263
277 10.2263
278 10.2263
279 10.2263
280 10.2263
281 10.2263
282 10.2263
283 10.2263
284 10.2263
285 10.2263
286 10.2263
287 10.2263
288 10.2263
289 10.13
290 10.13
291 10.13
292 10.13
293 10.13
294 10.13
295 10.13
296 10.13
297 10.13
298 10.13
299 10.13
300 10.13
301 10.13
302 10.13
303 10.13
304 10.13
305 10.13
306 10.13
307 10.13
308 10.13
309 10.13
310 10.13
311 10.13
312 10.13
313 10.13
314 10.13
315 10.13
316 10.13
317 10.13
318 10.13
319 10.13
320 10.13
321 10.13
322 10.13
323 10.13
324 10.13
325 10.13
326 10.13
327 10.13
328 10.13
329 10.13
330 10.13
331 10.13
332 10.13
333 10.13
334 10.13
335 10.13
336 10.13
337 10.13
338 10.13
339 10.13
340 10.13
341 10.13
342 10.13
343 10.13
344 10.13
345 10.13
346 10.13
347 10.13
348 10.13
349 10.13
350 10.13
351 10.13
352 10.13
353 10.13
354 10.13
355 10.13
356 10.13
357 10.13
358 10.13
359 10.13
360 10.13
361 10.13
362 10.13
363 10.13
364 10.13
365 10.13
366 10.13
367 10.13
368 10.13
369 10.13
370 10.13
371 10.13
372 10.13
373 10.13
374 10.13
375 10.13
376 10.13
377 10.13
378 10.13
379 10.13
380 10.13
381 10.13
382 10.13
383 10.13
384 10.13
385 10.13
386 10.13
387 10.13
388 10.13
389 10.13
390 10.13
391 10.13
392 10.13
393 10.13
394 10.13
395 10.13
396 10.13
397 10.13
398 10.13
399 10.13
400 10.13
401 10.13
402 10.13
403 10.13
404 10.13
405 10.13
406 10.13
407 10.13
408 10.0057
409 10.0057
410 10.0057
411 10.0057
412 10.0057
413 10.0057
414 10.0057
415 10.0057
416 10.0057
417 10.0057
418 10.0057
419 10.0057
420 10.0057
421 10.0057
422 10.0057
423 10.0057
424 10.0057
425 10.0057
426 10.0057
427 10.0057
428 10.0057
429 10.0057
430 10.0057
431 10.0057
432 10.0057
433 10.0057
434 10.0057
435 10.0057
436 10.0057
437 10.0057
438 10.0057
439 10.0057
440 10.0057
441 10.0057
442 10.0057
443 10.0057
444 10.0057
445 10.0057
446 10.0057
447 10.0057
448 10.0057
449 10.0057
450 10.0057
451 10.0057
452 10.0057
453 10.0057
454 10.0057
455 10.0057
456 10.0057
457 10.0057
458 10.0057
459 10.0057
460 10.0057
461 10.0057
462 10.0057
463 10.0057
464 10.0057
465 10.0057
466 10.0057
467 10.0057
468 10.0057
469 10.0057
470 10.0057
471 10.0057
472 10.0057
473 10.0057
474 10.0057
475 10.0057
476 10.0057
477 10.0057
478 10.0057
479 10.0057
480 10.0057
481 10.0057
482 10.0057
483 10.0057
484 10.0057
485 10.0057
486 10.0057
487 10.0057
488 10.0057
489 10.0057
490 10.0057
491 10.0057
492 10.0057
493 10.0057
494 10.0057
495 10.0057
496 10.0057
497 10.0057
498 10.0057
499 10.0057
500 10.0057
501 10.0057
502 10.0057
503 10.0057
504 10.0057
505 10.0057
506 10.0057
507 10.0057
508 10.0057
509 10.0057
510 10.0057
511 10.0057
512 10.0057
513 10.0057
514 10.0057
515 10.0057
516 10.0057
517 10.0057
518 10.0057
519 10.0057
520 10.0057
521 10.0057
522 10.0057
523 10.0057
524 10.0057
525 10.0057
526 10.0057
527 10.0057
528 10.0057
529 10.0057
530 10.0057
531 10.0057
532 10.0057
533 10.0057
534 10.0057
535 10.0057
536 10.0057
537 10.0057
538 10.0057
539 10.0057
540 10.0057
541 10.0057
542 10.0057
543 10.0057
544 10.0057
545 10.0057
546 10.0057
547 10.0057
548 10.0057
549 10.0057
550 10.0057
551 10.0057
552 10.0057
553 10.0057
554 10.0057
555 10.0057
556 10.0057
557 10.0057
558 10.0057
559 10.0057
560 10.0057
561 10.0057
562 10.0057
563 10.0057
564 10.0057
565 10.0057
566 10.0057
567 10.0057
568 10.0057
569 10.0057
570 10.0057
571 10.0057
572 10.0057
573 10.0057
574 10.0057
575 10.0057
576 10.0057
577 10.0057
578 10.0057
579 10.0057
580 10.0057
581 10.0057
582 10.0057
583 10.0057
584 10.0057
585 10.0057
586 10.0057
587 10.0057
588 10.0057
589 10.0057
590 10.0057
591 10.0057
592 10.0057
593 10.0057
594 10.0057
595 10.0057
596 10.0057
597 10.0057
598 10.0057
599 10.0057
600 10.0057
601 10.0057
602 10.0057
603 10.0057
604 10.0057
605 10.0057
606 10.0057
607 10.0057
608 10.0057
609 10.0057
610 10.0057
611 10.0057
612 10.0057
613 10.0057
614 10.0057
615 10.0057
616 10.0057
617 10.0057
618 10.0057
619 10.0057
620 10.0057
621 10.0057
622 10.0057
623 10.0057
624 10.0057
625 10.0057
626 10.0057
627 10.0057
628 10.0057
629 10.0057
630 10.0057
631 10.0057
632 10.0057
633 10.0057
634 10.0057
635 10.0057
636 10.0057
637 10.0057
638 10.0057
639 10.0057
640 10.0057
641 10.0057
642 10.0057
643 10.0057
644 10.0057
645 10.0057
646 10.0057
647 10.0057
648 10.0057
649 10.0057
650 10.0057
651 10.0057
652 10.0057
653 10.0057
654 10.0057
655 10.0057
656 10.0057
657 10.0057
658 10.0057
659 10.0057
660 10.0057
661 10.0057
662 10.0057
663 10.0057
664 10.0057
665 10.0057
666 10.0057
667 10.0057
668 10.0057
669 10.0057
670 10.0057
671 10.0057
672 10.0057
673 10.0057
674 10.0057
675 10.0057
676 10.0057
677 10.0057
678 10.0057
679 10.0057
680 10.0057
681 10.0057
682 10.0057
683 10.0057
684 10.0057
685 10.0057
686 10.0057
687 10.0057
688 10.0057
689 10.0057
690 10.0057
691 10.0057
692 10.0057
693 10.0057
694 10.0057
695 10.0057
696 10.0057
697 10.0057
698 10.0057
699 10.0057
700 10.0057
701 10.0057
702 10.0057
703 10.0057
704 10.0057
705 10.0057
706 10.0057
707 10.0057
708 10.0057
709 10.0057
710 10.0057
711 10.0057
712 10.0057
713 10.0057
714 10.0057
715 10.0057
716 10.0057
717 10.0057
718 10.0057
719 10.0057
720 10.0057
721 10.0057
722 10.0057
723 10.0057
724 10.0057
725 10.0057
726 10.0057
727 10.0057
728 10.0057
729 10.0057
730 10.0057
731 10.0057
732 10.0057
733 10.0057
734 10.0057
735 10.0057
736 10.0057
737 10.0057
738 10.0057
739 10.0057
740 10.0057
741 10.0057
742 10.0057
743 10.0057
744 10.0057
745 10.0057
746 10.0057
747 10.0057
748 10.0057
749 10.0057
750 10.0057
751 10.0057
752 10.0057
753 10.0057
754 10.0057
755 10.0057
756 10.0057
757 10.0057
758 10.0057
759 10.0057
760 10.0057
761 10.0057
762 10.0057
763 10.0057
764 10.0057
765 10.0057
766 10.0057
767 10.0057
768 10.0057
769 10.0057
770 10.0057
771 10.0057
772 10.0057
773 10.0057
774 10.0057
775 10.0057
776 10.0057
777 10.0057
778 10.0057
779 10.0057
780 10.0057
781 10.0057
782 10.0057
783 10.0057
784 10.0057
785 10.0057
786 10.0057
787 10.0057
788 10.0057
789 10.0057
790 10.0057
791 10.0057
792 10.0057
793 10.0057
794 10.0057
795 10.0057
796 10.0057
797 10.0057
798 10.0057
799 10.0057
800 10.0057
801 10.0057
802 10.0057
803 10.0057
804 10.0057
805 10.0057
806 10.0057
807 10.0057
808 10.0057
809 10.0057
810 10.0057
811 10.0057
812 10.0057
813 10.0057
814 10.0057
815 10.0057
816 10.0057
817 10.0057
818 10.0057
819 10.0057
820 10.0057
821 10.0057
822 10.0057
823 10.0057
824 10.0057
825 10.0057
826 10.0057
827 10.0057
828 10.0057
829 10.0057
830 10.0057
831 10.0057
832 10.0057
833 10.0057
834 10.0057
835 10.0057
836 10.0057
837 10.0057
838 10.0057
839 10.0057
840 10.0057
841 10.0057
842 10.0057
843 10.0057
844 10.0057
845 10.0057
846 10.0057
847 10.0057
848 10.0057
849 10.0057
850 10.0057
851 10.0057
852 10.0057
853 10.0057
854 10.0057
855 10.0057
856 10.0057
857 10.0057
858 10.0057
859 10.0057
860 10.0057
861 10.0057
862 10.0057
863 10.0057
864 10.0057
865 10.0057
866 10.0057
867 10.0057
868 10.0057
869 10.0057
870 10.0057
871 10.0057
872 10.0057
873 10.0057
874 10.0057
875 10.0057
876 10.0057
877 10.0057
878 10.0057
879 10.0057
880 10.0057
881 10.0057
882 10.0057
883 10.0057
884 10.0057
885 10.0057
886 10.0057
887 10.0057
888 10.0057
889 10.0057
890 10.0057
891 10.0057
892 10.0057
893 10.0057
894 10.0057
895 10.0057
896 10.0057
897 10.0057
898 10.0057
899 10.0057
900 10.0057
901 10.0057
902 10.0057
903 10.0057
904 10.0057
905 10.0057
906 10.0057
907 10.0057
908 10.0057
909 10.0057
910 10.0057
911 10.0057
912 10.0057
913 10.0057
914 10.0057
915 10.0057
916 10.0057
917 10.0057
918 10.0057
919 10.0057
920 10.0057
921 10.0057
922 10.0057
923 10.0057
924 10.0057
925 10.0057
926 10.0057
927 10.0057
928 10.0057
929 10.0057
930 10.0057
931 10.0057
932 10.0057
933 10.0057
934 10.0057
935 10.0057
936 10.0057
937 10.0057
938 10.0057
939 10.0057
940 10.0057
941 10.0057
942 10.0057
943 10.0057
944 10.0057
945 10.0057
946 10.0057
947 10.0057
948 10.0057
949 10.0057
950 10.0057
951 10.0057
952 10.0057
953 10.0057
954 10.0057
955 10.0057
956 10.0057
957 10.0057
958 10.0057
959 10.0057
960 10.0057
961 10.0057
962 10.0057
963 10.0057
964 10.0057
965 10.0057
966 10.0057
967 10.0057
968 10.0057
969 10.0057
970 10.0057
971 10.0057
972 10.0057
973 10.0057
974 10.0057
975 10.0057
976 10.0057
977 10.0057
978 10.0057
979 10.0057
980 10.0057
981 10.0057
982 10.0057
983 10.0057
984 10.0057
985 10.0057
986 10.0057
987 10.0057
988 10.0057
989 10.0057
990 10.0057
991 10.0057
992 10.0057
993 10.0057
994 10.0057
995 10.0057
996 10.0057
997 10.0057
998 10.0057
999 10.0057
1000 10.0057
1001 10.0057
1002 10.0057
1003 10.0057
1004 10.0057
1005 10.0057
1006 10.0057
1007 10.0057
1008 10.0057
1009 10.0057
1010 10.0057
1011 10.0057
1012 10.0057
1013 10.0057
1014 10.0057
1015 10.0057
1016 10.0057
1017 10.0057
1018 10.0057
1019 10.0057
1020 10.0057
1021 10.0057
1022 10.0057
1023 10.0057
1024 10.0057
1025 10.0057
1026 10.0057
1027 10.0057
1028 10.0057
1029 10.0057
1030 10.0057
1031 10.0057
1032 10.0057
1033 10.0057
1034 10.0057
1035 10.0057
1036 10.0057
1037 10.0057
1038 10.0057
1039 10.0057
1040 10.0057
1041 10.0057
1042 10.0057
1043 10.0057
1044 10.0057
1045 10.0057
1046 10.0057
1047 10.0057
1048 10.0057
1049 10.0057
1050 10.0057
1051 10.0057
1052 10.0057
1053 10.0057
1054 10.0057
1055 10.0057
1056 10.0057
1057 10.0057
1058 10.0057
1059 10.0057
1060 10.0057
1061 10.0057
1062 10.0057
1063 10.0057
1064 10.0057
1065 10.0057
1066 10.0057
1067 10.0057
1068 10.0057
1069 10.0057
1070 10.0057
1071 10.0057
1072 10.0057
1073 10.0057
1074 10.0057
1075 10.0057
1076 10.0057
1077 10.0057
1078 10.0057
1079 10.0057
1080 10.0057
1081 10.0057
1082 10.0057
1083 10.0057
1084 10.0057
1085 10.0057
1086 10.0057
1087 10.0057
1088 10.0057
1089 10.0057
1090 10.0057
1091 10.0057
1092 10.0057
1093 10.0057
1094 10.0057
1095 10.0057
1096 10.0057
1097 10.0057
1098 10.0057
1099 10.0057
1100 10.0057
1101 10.0057
1102 10.0057
1103 10.0057
1104 10.0057
1105 10.0057
1106 10.0057
1107 10.0057
1108 10.0057
1109 10.0057
1110 10.0057
1111 10.0057
1112 10.0057
1113 10.0057
1114 10.0057
1115 10.0057
1116 10.0057
1117 10.0057
1118 10.0057
1119 10.0057
1120 10.0057
1121 10.0057
1122 10.0057
1123 10.0057
1124 10.0057
1125 10.0057
1126 10.0057
1127 10.0057
1128 10.0057
1129 10.0057
1130 10.0057
1131 10.0057
1132 10.0057
1133 10.0057
1134 10.0057
1135 10.0057
1136 10.0057
1137 10.0057
1138 10.0057
1139 10.0057
1140 10.0057
1141 10.0057
1142 10.0057
1143 10.0057
1144 10.0057
1145 10.0057
1146 10.0057
1147 10.0057
1148 10.0057
1149 10.0057
1150 10.0057
1151 10.0057
1152 10.0057
1153 10.0057
1154 10.0057
1155 10.0057
1156 10.0057
1157 10.0057
1158 10.0057
1159 10.0057
1160 10.0057
1161 10.0057
1162 10.0057
1163 10.0057
1164 10.0057
1165 10.0057
1166 10.0057
1167 10.0057
1168 10.0057
1169 10.0057
1170 10.0057
1171 10.0057
1172 10.0057
1173 10.0057
1174 10.0057
1175 10.0057
1176 10.0057
1177 10.0057
1178 10.0057
1179 10.0057
1180 10.0057
1181 10.0057
1182 10.0057
1183 10.0057
1184 10.0057
1185 10.0057
1186 10.0057
1187 10.0057
1188 10.0057
1189 10.0057
1190 10.0057
1191 10.0057
1192 10.0057
1193 10.0057
1194 10.0057
1195 10.0057
1196 10.0057
1197 10.0057
1198 10.0057
1199 10.0057
1200 10.0057
1201 10.0057
1202 10.0057
1203 10.0057
1204 10.0057
1205 10.0057
1206 10.0057
1207 10.0057
1208 10.0057
1209 10.0057
1210 10.0057
1211 10.0057
1212 10.0057
1213 10.0057
1214 10.0057
1215 10.0057
1216 10.0057
1217 10.0057
1218 10.0057
1219 10.0057
1220 10.0057
1221 10.0057
1222 10.0057
1223 10.0057
1224 10.0057
1225 10.0057
1226 10.0057
1227 10.0057
1228 10.0057
1229 10.0057
1230 10.0057
1231 10.0057
1232 10.0057
1233 10.0057
1234 10.0057
1235 10.0057
1236 10.0057
1237 10.0057
1238 10.0057
1239 10.0057
1240 10.0057
1241 10.0057
1242 10.0057
1243 10.0057
1244 10.0057
1245 10.0057
1246 10.0057
1247 10.0057
1248 10.0057
1249 10.0057
1250 10.0057
1251 10.0057
1252 10.0057
1253 10.0057
1254 10.0057
1255 10.0057
1256 10.0057
1257 10.0057
1258 10.0057
1259 10.0057
1260 10.0057
1261 10.0057
1262 10.0057
1263 10.0057
1264 10.0057
1265 10.0057
1266 10.0057
1267 10.0057
1268 10.0057
1269 10.0057
1270 10.0057
1271 10.0057
1272 10.0057
1273 10.0057
1274 10.0057
1275 10.0057
1276 10.0057
1277 10.0057
1278 10.0057
1279 10.0057
1280 10.0057
1281 10.0057
1282 10.0057
1283 10.0057
1284 10.0057
1285 10.0057
1286 10.0057
1287 10.0057
1288 10.0057
1289 10.0057
1290 10.0057
1291 10.0057
1292 10.0057
1293 10.0057
1294 10.0057
1295 10.0057
1296 10.0057
1297 10.0057
1298 10.0057
1299 10.0057
1300 10.0057
1301 10.0057
1302 10.0057
1303 10.0057
1304 10.0057
1305 10.0057
1306 10.0057
1307 10.0057
1308 10.0057
1309 10.0057
1310 10.0057
1311 10.0057
1312 10.0057
1313 10.0057
1314 10.0057
1315 10.0057
1316 10.0057
1317 10.0057
1318 10.0057
1319 10.0057
1320 10.0057
1321 10.0057
1322 10.0057
1323 10.0057
1324 10.0057
1325 10.0057
1326 10.0057
1327 10.0057
1328 10.0057
1329 10.0057
1330 10.0057
1331 10.0057
1332 10.0057
1333 10.0057
1334 10.0057
1335 10.0057
1336 10.0057
1337 10.0057
1338 10.0057
1339 10.0057
1340 10.0057
1341 10.0057
1342 10.0057
1343 10.0057
1344 10.0057
1345 10.0057
1346 10.0057
1347 10.0057
1348 10.0057
1349 10.0057
1350 10.0057
1351 10.0057
1352 10.0057
1353 10.0057
1354 10.0057
1355 10.0057
1356 10.0057
1357 10.0057
1358 10.0057
1359 10.0057
1360 10.0057
1361 10.0057
1362 10.0057
1363 10.0057
1364 10.0057
1365 10.0057
1366 10.0057
1367 10.0057
1368 10.0057
1369 10.0057
1370 10.0057
1371 10.0057
1372 10.0057
1373 10.0057
1374 10.0057
1375 10.0057
1376 10.0057
1377 10.0057
1378 10.0057
1379 10.0057
1380 10.0057
1381 10.0057
1382 10.0057
1383 10.0057
1384 10.0057
1385 10.0057
1386 10.0057
1387 10.0057
1388 10.0057
1389 10.0057
1390 10.0057
1391 10.0057
1392 10.0057
1393 10.0057
1394 10.0057
1395 10.0057
1396 10.0057
1397 10.0057
1398 10.0057
1399 10.0057
1400 10.0057
1401 10.0057
1402 10.0057
1403 10.0057
1404 10.0057
1405 10.0057
1406 10.0057
1407 10.0057
1408 10.0057
1409 10.0057
1410 10.0057
1411 10.0057
1412 10.0057
1413 10.0057
1414 10.0057
1415 10.0057
1416 10.0057
1417 10.0057
1418 10.0057
1419 10.0057
1420 10.0057
1421 10.0057
1422 10.0057
1423 10.0057
1424 10.0057
1425 10.0057
1426 10.0057
1427 10.0057
1428 10.0057
1429 10.0057
1430 10.0057
1431 10.0057
1432 10.0057
1433 10.0057
1434 10.0057
1435 10.0057
1436 10.0057
1437 10.0057
1438 10.0057
1439 10.0057
1440 10.0057
1441 10.0057
1442 10.0057
1443 10.0057
1444 10.0057
1445 10.0057
1446 10.0057
1447 10.0057
1448 10.0057
1449 10.0057
1450 10.0057
1451 10.0057
1452 10.0057
1453 10.0057
1454 10.0057
1455 10.0057
1456 10.0057
1457 10.0057
1458 10.0057
1459 10.0057
1460 10.0057
1461 10.0057
1462 10.0057
1463 10.0057
1464 10.0057
1465 10.0057
1466 10.0057
1467 10.0057
1468 10.0057
1469 10.0057
1470 10.0057
1471 10.0057
1472 10.0057
1473 10.0057
1474 10.0057
1475 10.0057
1476 10.0057
1477 10.0057
1478 10.0057
1479 10.0057
1480 10.0057
1481 10.0057
1482 10.0057
1483 10.0057
1484 10.0057
1485 10.0057
1486 10.0057
1487 10.0057
1488 10.0057
1489 10.0057
1490 10.0057
1491 10.0057
1492 10.0057
1493 10.0057
1494 10.0057
1495 10.0057
1496 10.0057
1497 10.0057
1498 10.0057
1499 10.0057
1500 10.0057
1501 10.0057
1502 10.0057
1503 10.0057
1504 10.0057
1505 10.0057
1506 10.0057
1507 10.0057
1508 10.0057
1509 10.0057
1510 10.0057
1511 10.0057
1512 10.0057
1513 10.0057
1514 10.0057
1515 10.0057
1516 10.0057
1517 10.0057
1518 10.0057
1519 10.0057
1520 10.0057
1521 10.0057
1522 10.0057
1523 10.0057
1524 10.0057
1525 10.0057
1526 10.0057
1527 10.0057
1528 10.0057
1529 10.0057
1530 10.0057
1531 10.0057
1532 10.0057
1533 10.0057
1534 10.0057
1535 10.0057
1536 10.0057
1537 10.0057
1538 10.0057
1539 10.0057
1540 10.0057
1541 10.0057
1542 10.0057
1543 10.0057
1544 10.0057
1545 10.0057
1546 10.0057
1547 10.0057
1548 10.0057
1549 10.0057
1550 10.0057
1551 10.0057
1552 10.0057
1553 10.0057
1554 10.0057
1555 10.0057
1556 10.0057
1557 10.0057
1558 10.0057
1559 10.0057
1560 10.0057
1561 10.0057
1562 10.0057
1563 10.0057
1564 10.0057
1565 10.0057
1566 10.0057
1567 10.0057
1568 10.0057
1569 10.0057
1570 10.0057
1571 10.0057
1572 10.0057
1573 10.0057
1574 10.0057
1575 10.0057
1576 10.0057
1577 10.0057
1578 10.0057
1579 10.0057
1580 10.0057
1581 10.0057
1582 10.0057
1583 10.0057
1584 10.0057
1585 10.0057
1586 10.0057
1587 10.0057
1588 10.0057
1589 10.0057
1590 10.0057
1591 10.0057
1592 10.0057
1593 10.0057
1594 10.0057
1595 10.0057
1596 10.0057
1597 10.0057
1598 10.0057
1599 10.0057
1600 10.0057
1601 10.0057
1602 10.0057
1603 10.0057
1604 10.0057
1605 10.0057
1606 10.0057
1607 10.0057
1608 10.0057
1609 10.0057
1610 10.0057
1611 10.0057
1612 10.0057
1613 10.0057
1614 10.0057
1615 10.0057
1616 10.0057
1617 10.0057
1618 10.0057
1619 10.0057
1620 10.0057
1621 10.0057
1622 10.0057
1623 10.0057
1624 10.0057
1625 10.0057
1626 10.0057
1627 10.0057
1628 10.0057
1629 10.0057
1630 10.0057
1631 10.0057
1632 10.0057
1633 10.0057
1634 10.0057
1635 10.0057
1636 10.0057
1637 10.0057
1638 10.0057
1639 10.0057
1640 10.0057
1641 10.0057
1642 10.0057
1643 10.0057
1644 10.0057
1645 10.0057
1646 10.0057
1647 10.0057
1648 10.0057
1649 10.0057
1650 10.0057
1651 10.0057
1652 10.0057
1653 10.0057
1654 10.0057
1655 10.0057
1656 10.0057
1657 10.0057
1658 10.0057
1659 10.0057
1660 10.0057
1661 10.0057
1662 10.0057
1663 10.0057
1664 10.0057
1665 10.0057
1666 10.0057
1667 10.0057
1668 10.0057
1669 10.0057
1670 10.0057
1671 10.0057
1672 10.0057
1673 10.0057
1674 10.0057
1675 10.0057
1676 10.0057
1677 10.0057
1678 10.0057
1679 10.0057
1680 10.0057
1681 10.0057
1682 10.0057
1683 10.0057
1684 10.0057
1685 10.0057
1686 10.0057
1687 10.0057
1688 10.0057
1689 10.0057
1690 10.0057
1691 10.0057
1692 10.0057
1693 10.0057
1694 10.0057
1695 10.0057
1696 10.0057
1697 10.0057
1698 10.0057
1699 10.0057
1700 10.0057
1701 10.0057
1702 10.0057
1703 10.0057
1704 10.0057
1705 10.0057
1706 10.0057
1707 10.0057
1708 10.0057
1709 10.0057
1710 10.0057
1711 10.0057
1712 10.0057
1713 10.0057
1714 10.0057
1715 10.0057
1716 10.0057
1717 10.0057
1718 10.0057
1719 10.0057
1720 10.0057
1721 10.0057
1722 10.0057
1723 10.0057
1724 10.0057
1725 10.0057
1726 10.0057
1727 10.0057
1728 10.0057
1729 10.0057
1730 10.0057
1731 10.0057
1732 10.0057
1733 10.0057
1734 10.0057
1735 10.0057
1736 10.0057
1737 10.0057
1738 10.0057
1739 10.0057
1740 10.0057
1741 10.0057
1742 10.0057
1743 10.0057
1744 10.0057
1745 10.0057
1746 10.0057
1747 10.0057
1748 10.0057
1749 10.0057
1750 10.0057
1751 10.0057
1752 10.0057
1753 10.0057
1754 10.0057
1755 10.0057
1756 10.0057
1757 10.0057
1758 10.0057
1759 10.0057
1760 10.0057
1761 10.0057
1762 10.0057
1763 10.0057
1764 10.0057
1765 10.0057
1766 10.0057
1767 10.0057
1768 10.0057
1769 10.0057
1770 10.0057
1771 10.0057
1772 10.0057
1773 10.0057
1774 10.0057
1775 10.0057
1776 10.0057
1777 10.0057
1778 10.0057
1779 10.0057
1780 10.0057
1781 10.0057
1782 10.0057
1783 10.0057
1784 10.0057
1785 10.0057
1786 10.0057
1787 10.0057
1788 10.0057
1789 10.0057
1790 10.0057
1791 10.0057
1792 10.0057
1793 10.0057
1794 10.0057
1795 10.0057
1796 10.0057
1797 10.0057
1798 10.0057
1799 10.0057
1800 10.0057
1801 10.0057
1802 10.0057
1803 10.0057
1804 10.0057
1805 10.0057
1806 10.0057
1807 10.0057
1808 10.0057
1809 10.0057
1810 10.0057
1811 10.0057
1812 10.0057
1813 10.0057
1814 10.0057
1815 10.0057
1816 10.0057
1817 10.0057
1818 10.0057
1819 10.0057
1820 10.0057
1821 10.0057
1822 10.0057
1823 10.0057
1824 10.0057
1825 10.0057
1826 10.0057
1827 10.0057
1828 10.0057
1829 10.0057
1830 10.0057
1831 10.0057
1832 10.0057
1833 10.0057
1834 10.0057
1835 10.0057
1836 10.0057
1837 10.0057
1838 10.0057
1839 10.0057
1840 10.0057
1841 10.0057
1842 10.0057
1843 10.0057
1844 10.0057
1845 10.0057
1846 10.0057
1847 10.0057
1848 10.0057
1849 10.0057
1850 10.0057
1851 10.0057
1852 10.0057
1853 10.0057
1854 10.0057
1855 10.0057
1856 10.0057
1857 10.0057
1858 10.0057
1859 10.0057
1860 10.0057
1861 10.0057
1862 10.0057
1863 10.0057
1864 10.0057
1865 10.0057
1866 10.0057
1867 10.0057
1868 10.0057
1869 10.0057
1870 10.0057
1871 10.0057
1872 10.0057
1873 10.0057
1874 10.0057
1875 10.0057
1876 10.0057
1877 10.0057
1878 10.0057
1879 10.0057
1880 10.0057
1881 10.0057
1882 10.0057
1883 10.0057
1884 10.0057
1885 10.0057
1886 10.0057
1887 10.0057
1888 10.0057
1889 10.0057
1890 10.0057
1891 10.0057
1892 10.0057
1893 10.0057
1894 10.0057
1895 10.0057
1896 10.0057
1897 10.0057
1898 10.0057
1899 10.0057
1900 10.0057
1901 10.0057
1902 10.0057
1903 10.0057
1904 10.0057
1905 10.0057
1906 10.0057
1907 10.0057
1908 10.0057
1909 10.0057
1910 10.0057
1911 10.0057
1912 10.0057
1913 10.0057
1914 10.0057
1915 10.0057
1916 10.0057
1917 10.0057
1918 10.0057
1919 10.0057
1920 10.0057
1921 10.0057
1922 10.0057
1923 10.0057
1924 10.0057
1925 10.0057
1926 10.0057
1927 10.0057
1928 10.0057
1929 10.0057
1930 10.0057
1931 10.0057
1932 10.0057
1933 10.0057
1934 10.0057
1935 10.0057
1936 10.0057
1937 10.0057
1938 10.0057
1939 10.0057
1940 10.0057
1941 10.0057
1942 10.0057
1943 10.0057
1944 10.0057
1945 10.0057
1946 10.0057
1947 10.0057
1948 10.0057
1949 10.0057
1950 10.0057
1951 10.0057
1952 10.0057
1953 10.0057
1954 10.0057
1955 10.0057
1956 10.0057
1957 10.0057
1958 10.0057
1959 10.0057
1960 10.0057
1961 10.0057
1962 10.0057
1963 10.0057
1964 10.0057
1965 10.0057
1966 10.0057
1967 10.0057
1968 10.0057
1969 10.0057
1970 10.0057
1971 10.0057
1972 10.0057
1973 10.0057
1974 10.0057
1975 10.0057
1976 10.0057
1977 10.0057
1978 10.0057
1979 10.0057
1980 10.0057
1981 10.0057
1982 10.0057
1983 10.0057
1984 10.0057
1985 10.0057
1986 10.0057
1987 10.0057
1988 10.0057
1989 10.0057
1990 10.0057
1991 10.0057
1992 10.0057
1993 10.0057
1994 10.0057
1995 10.0057
1996 10.0057
1997 10.0057
1998 10.0057
1999 10.0057
2000 10.0057
