1.54851
1.52323
1.49844
1.47994
1.47371
1.48303
1.50644
1.53827
1.57121
1.59897
1.61798
1.62789
1.63091
1.63011
1.62767
1.62398
1.61797
1.60829
1.59447
1.57724
1.55842
1.54033
1.52544
1.51579
1.51254
1.51569
1.52403
1.53551
1.54784
1.55924
1.56905
1.57786
1.58678
1.59664
1.6074
1.61818
1.62768
1.6346
1.63792
1.6369
1.6311
1.62033
1.60459
1.58437
1.56094
1.5366
1.51446
1.4977
1.48871
1.48872
1.49759
1.51389
1.53527
1.55913
1.58323
1.6058
1.62519
1.63943
1.64639
1.64434
1.63282
1.61332
1.58934
1.56582
1.54768
1.53827
1.53855
1.54716
1.56136
1.57831
1.59592
1.61324
1.62979
1.64473
1.65637
1.66222
1.65991
1.64825
1.62813
1.60279
1.57709
1.55558
1.5405
1.53093
1.52426
1.51821
1.51211
1.50646
1.50191
1.49863
1.49658
1.49604
1.49788
1.50334
1.51349
1.52859
1.54772
1.56884
1.58923
1.60649
1.61922
1.62728
1.63137
1.63238
1.63104
1.62784
1.6233
1.61765
1.61051
1.60096
1.58825
1.57272
1.55622
1.54182
1.53258
1.52987
1.53278
1.53898
1.54653
1.5551
1.56541
1.57787
1.59156
1.6043
1.61352
1.61752
1.61645
1.61237
1.60829
1.60679
1.60881
1.61334
1.61828
1.62177
1.62335
1.62435
1.62727
1.63436
1.64652
1.66301
1.682
1.70143
1.71947
1.7347
1.74604
1.75292
1.7553
1.75387
1.75
1.74535
1.74085
1.73575
1.72766
1.71398
1.69328
1.66575
1.63263
1.59536
1.55541
1.5148
1.47676
1.44604
1.42781
1.42546
1.43842
1.46208
1.48999
1.51671
1.53915
1.55669
1.57032
1.58156
1.59168
1.6012
1.60988
1.61744
1.62406
1.63075
1.63876
1.64853
1.659
1.66785
1.67248
1.67077
1.66169
1.64555
1.62399
1.60005
1.57793
1.56212
1.55579
1.55919
1.56953
1.58229
1.59311
1.59908
1.59919
1.59412
1.58577
1.5765
1.56848
1.56345
1.56252
1.56629
1.57491
1.58818
1.60548
1.62574
1.64737
1.66848
1.68717
1.70187
1.71152
1.71552
1.71366
1.7061
1.69336
1.67639
1.65677
1.63657
1.61786
1.60208
1.58949
1.5792
1.56973
1.55983
1.54911
1.53828
1.52906
1.52349
1.5231
1.52826
1.53802
1.55051
1.56339
1.57405
1.57967
1.57783
1.56723
1.54904
1.52784
1.51055
1.50173
1.4992
1.49574
1.48505
1.46517
1.43847
1.41034
1.38763
1.37652
1.38053
1.39941
1.42952
1.46561
1.5026
1.53666
1.5656
1.58874
1.60649
1.6198
1.62976
1.6372
1.64256
1.64587
1.64667
1.64399
1.63653
1.62374
1.60706
1.59024
1.57722
1.56916
1.56413
1.55967
1.55479
1.54999
1.5462
1.54402
1.54337
1.54354
1.54347
1.54203
1.53893
1.53529
1.53323
1.53381
1.53576
1.53678
1.53577
1.5332
1.52943
1.52346
1.51349
1.4989
1.48144
1.46472
1.4526
1.44775
1.4511
1.46215
1.47946
1.50102
1.5245
1.54762
1.56846
1.58578
1.59924
1.60933
1.61707
1.62367
1.63007
1.63656
1.6427
1.64749
1.64971
1.64841
1.64332
1.63507
1.62531
1.6165
1.61137
1.61209
1.61939
1.63224
1.6484
1.66533
1.6808
1.69295
1.70034
1.70243
1.70053
1.69805
1.69886
1.70421
1.71167
1.71758
1.72022
1.72068
1.72114
1.72315
1.72719
1.73348
1.74279
1.75628
1.7743
1.79514
1.81519
1.83042
1.83795
1.83679
1.82739
1.81097
1.78899
1.76303
1.73503
1.70744
1.683
1.66396
1.65115
1.64403
1.64136
1.64209
1.64559
1.65123
1.65798
1.66415
1.66773
1.66671
1.65961
1.64572
1.62527
1.59946
1.57059
1.54202
1.51755
1.50046
1.49233
1.49255
1.49841
1.50612
1.5119
1.5132
1.50962
1.50329
1.49857
1.50015
1.51026
1.52744
1.54836
1.57052
1.59308
1.61605
1.63937
1.66281
1.68578
1.70673
1.72315
1.73255
1.73352
1.72642
1.71317
1.69667
1.68002
1.66574
1.65529
1.64896
1.64625
1.64617
1.6475
1.64881
1.6486
1.6455
1.63867
1.62797
1.61389
1.59717
1.57868
1.55919
1.53934
1.51986
1.50175
1.48637
1.47504
1.46845
1.46616
1.4668
1.46873
1.47072
1.47237
1.47406
1.47675
1.48154
1.48931
1.50036
1.51438
1.5305
1.54746
1.56388
1.57851
1.59066
1.60039
1.60844
1.61575
1.62273
1.62858
1.6314
1.62917
1.62095
1.60756
1.5912
1.57464
1.56051
1.55165
1.55093
1.55987
1.57654
1.59586
1.61208
1.6214
1.62295
1.61829
1.61028
1.60186
1.59514
1.59139
1.59153
1.59647
1.60695
1.62289
1.64283
1.66384
1.68214
1.69414
1.69722
1.69046
1.67471
1.65229
1.62633
1.60007
1.5762
1.55656
1.54213
1.53331
1.53024
1.53298
1.54149
1.55522
1.5729
1.59269
1.61278
1.63208
1.6505
1.66823
1.68464
1.69785
1.70539
1.70535
1.69691
1.68023
1.656
1.62523
1.5895
1.55128
1.514
1.4814
1.45639
1.44045
1.43411
1.43766
1.45106
1.47296
1.50005
1.52774
1.55175
1.56927
1.57924
1.58194
1.57841
1.57009
1.5587
1.54629
1.53511
1.52716
1.52353
1.52385
1.52646
1.52937
1.53152
1.53334
1.53638
1.54253
1.55305
1.56792
1.58558
1.60322
1.61767
1.62657
1.62902
1.62559
1.61797
1.60816
1.5977
1.58704
1.57537
1.56098
1.54218
1.51831
1.49056
1.462
1.43693
1.41949
1.41221
1.41504
1.42559
1.44031
1.45581
1.46985
1.48155
1.49113
1.4995
1.50777
1.51677
1.52667
1.53679
1.54599
1.5534
1.55888
1.56319
1.56779
1.57456
1.58523
1.60053
1.6196
1.64015
1.6592
1.67389
1.68193
1.68188
1.67323
1.65662
1.63375
1.60721
1.57995
1.55493
1.53489
1.52245
1.51995
1.52882
1.54848
1.57553
1.6044
1.6293
1.64608
1.65303
1.6508
1.64173
1.62951
1.61867
1.61369
1.61764
1.63088
1.65077
1.6726
1.69136
1.70317
1.70603
1.69973
1.6856
1.6659
1.64348
1.62142
1.60283
1.59062
1.58697
1.59251
1.60594
1.62409
1.64269
1.65745
1.66501
1.66363
1.65356
1.63683
1.61674
1.59701
1.58109
1.57142
1.56881
1.57211
1.57873
1.58599
1.59257
1.5992
1.60756
1.61799
1.62849
1.63618
1.63958
1.63914
1.63668
1.63438
1.63431
1.6382
1.64713
1.66123
1.67941
1.69947
1.71863
1.73427
1.74458
1.74896
1.74795
1.74296
1.73592
1.729
1.72416
1.72279
1.72517
1.73027
1.73616
1.74079
1.7427
1.74125
1.73651
1.7287
1.71781
1.70383
1.68737
1.67055
1.65687
1.64961
1.64927
1.65275
1.65504
1.65183
1.64088
1.62173
1.59502
1.56216
1.52565
1.48964
1.4601
1.44364
1.44474
1.46314
1.49383
1.52951
1.56352
1.59146
1.61156
1.62425
1.63146
1.63565
1.63865
1.64086
1.64105
1.63709
1.62715
1.61075
1.58915
1.56519
1.54244
1.52433
1.51341
1.51114
1.51768
1.53175
1.55066
1.57092
1.58922
1.60348
1.61311
1.61863
1.62095
1.62093
1.61958
1.6185
1.61984
1.62566
1.63706
1.65346
1.67262
1.6912
1.7057
1.71341
1.71303
1.70498
1.69129
1.67497
1.65919
1.64642
1.63793
1.63359
1.63193
1.6307
1.62775
1.62203
1.61388
1.60459
1.59544
1.58698
1.57906
1.57125
1.56311
1.55436
1.54484
1.5348
1.52525
1.51782
1.51382
1.51354
1.51657
1.52294
1.53344
1.54927
1.57146
1.59981
1.63191
1.6634
1.68967
1.70744
1.71548
1.71428
1.70518
1.68961
1.66843
1.64192
1.61033
1.57463
1.53703
1.50103
1.47096
1.45107
1.44479
1.45402
1.47834
1.51479
1.5581
1.60185
1.63995
1.66807
1.68444
1.68995
1.68762
1.68165
1.67596
1.67286
1.67224
1.67196
1.66923
1.66234
1.65159
1.63892
1.62669
1.61713
1.61234
1.61376
1.62083
1.6304
1.63788
1.63919
1.63219
1.61736
1.59747
1.57653
1.55862
1.54687
1.54292
1.54667
1.5563
1.56886
1.58116
1.59067
1.59576
1.59566
1.59021
1.57973
1.56492
1.54668
1.52563
1.50205
1.47604
1.44825
1.42036
1.39521
1.37609
1.3655
1.36456
1.37318
1.3908
1.41691
1.45065
1.49011
1.53218
1.5732
1.60993
1.64002
1.66212
1.67573
1.68109
1.67918
1.67158
1.66019
1.64724
1.63537
1.6274
1.62524
1.6288
1.63607
1.64436
1.65139
1.65572
1.65662
1.6538
1.64736
1.63769
1.62546
1.6118
1.59833
1.58702
1.57984
1.57829
1.58297
1.59322
1.60711
1.62185
1.63458
1.64307
1.64643
1.64524
1.64146
1.63775
1.6365
1.6384
1.64208
1.64547
1.64743
1.64793
1.64724
1.64534
1.64195
1.63706
1.63116
1.62494
1.61879
1.61254
1.6058
1.59847
1.59098
1.58387
1.57689
1.56876
1.55783
1.54304
1.52488
1.50601
1.49096
1.4846
1.48989
1.5067
1.53259
1.56429
1.59873
1.63339
1.66645
1.69678
1.72393
1.74793
1.76908
1.78769
1.80376
1.81672
1.82537
1.8281
1.8233
1.80976
1.78706
1.75612
1.71963
1.68167
1.64644
1.61674
1.59364
1.5774
1.56827
1.56635
1.57078
1.5792
1.58804
1.59339
1.59193
1.5813
1.56044
1.52983
1.49188
1.45071
1.41151
1.37929
1.35754
1.34753
1.34861
1.35975
1.38057
1.41077
1.44823
1.48844
1.52591
1.55598
1.57599
1.58588
1.58844
1.58832
1.58968
1.59361
1.59801
1.60008
1.59902
1.59677
1.59663
1.60128
1.61135
1.62531
1.64027
1.65317
1.66159
1.66419
1.66078
1.65224
1.64072
1.62972
1.62374
1.62667
1.63929
1.65827
1.67804
1.69372
1.70271
1.70453
1.69996
1.6902
1.67633
1.65927
1.64005
1.62007
1.60089
1.58362
1.56897
1.55787
1.55183
1.55226
1.55936
1.57141
1.58523
1.59753
1.60614
1.61041
1.61083
1.60833
1.60372
