-5.01844
-4.993
-4.969
-4.95223
-4.94657
-4.95821
-4.98292
-5.01459
-5.04772
-5.07487
-5.09217
-5.09945
-5.1024
-5.10151
-5.09972
-5.09556
-5.08939
-5.07885
-5.06508
-5.04639
-5.02783
-5.00965
-4.99535
-4.9851
-4.98281
-4.98625
-4.99592
-5.00864
-5.02034
-5.03143
-5.0411
-5.05002
-5.05885
-5.06928
-5.08009
-5.09081
-5.09965
-5.10505
-5.10856
-5.10768
-5.10185
-5.09012
-5.073
-5.05269
-5.02934
-5.00613
-4.98379
-4.9668
-4.95914
-4.96021
-4.96945
-4.98593
-5.00752
-5.03074
-5.05461
-5.07724
-5.09667
-5.10982
-5.11625
-5.1131
-5.10053
-5.08008
-5.05485
-5.03257
-5.01534
-5.00735
-5.00991
-5.01801
-5.03261
-5.05
-5.06882
-5.08503
-5.10131
-5.11542
-5.12734
-5.13233
-5.12972
-5.11833
-5.09827
-5.0716
-5.04598
-5.02537
-5.01093
-5.00253
-4.9954
-4.98845
-4.98281
-4.97709
-4.97267
-4.96936
-4.96805
-4.96769
-4.97014
-4.97573
-4.98562
-5.00179
-5.02078
-5.04104
-5.06167
-5.07928
-5.09198
-5.09961
-5.10289
-5.10364
-5.10224
-5.09904
-5.09363
-5.08786
-5.07977
-5.07053
-5.05735
-5.04161
-5.02532
-5.01011
-5.00119
-4.99867
-5.00172
-5.00842
-5.01652
-5.02522
-5.0359
-5.04854
-5.06271
-5.07582
-5.08502
-5.08741
-5.08561
-5.0823
-5.07914
-5.07797
-5.08107
-5.08711
-5.09137
-5.09451
-5.09564
-5.09596
-5.09981
-5.10695
-5.1199
-5.13778
-5.15737
-5.17613
-5.19335
-5.20716
-5.21929
-5.22631
-5.22782
-5.22682
-5.22296
-5.2189
-5.21381
-5.20824
-5.19954
-5.18656
-5.1653
-5.13729
-5.10414
-5.06654
-5.02717
-4.98694
-4.94955
-4.9194
-4.90342
-4.9024
-4.91654
-4.94167
-4.96953
-4.99562
-5.01801
-5.03586
-5.04856
-5.05935
-5.06955
-5.0787
-5.08698
-5.09472
-5.10099
-5.1073
-5.11459
-5.12405
-5.13539
-5.14454
-5.14741
-5.14498
-5.13546
-5.11838
-5.09657
-5.0726
-5.05077
-5.0358
-5.02973
-5.0343
-5.04374
-5.05618
-5.06662
-5.07156
-5.0711
-5.06591
-5.05735
-5.04841
-5.04002
-5.03536
-5.03579
-5.03943
-5.04899
-5.0627
-5.0805
-5.10023
-5.12205
-5.14254
-5.1615
-5.17679
-5.18559
-5.18855
-5.18536
-5.17756
-5.16464
-5.14732
-5.1277
-5.10756
-5.08954
-5.07394
-5.06179
-5.05104
-5.04218
-5.0313
-5.02097
-5.00976
-5.00216
-4.99586
-4.99542
-4.99989
-5.00987
-5.02387
-5.0368
-5.04603
-5.0504
-5.04726
-5.03579
-5.01688
-4.99605
-4.97994
-4.97152
-4.96956
-4.96546
-4.95416
-4.93389
-4.90661
-4.88051
-4.85916
-4.84931
-4.85473
-4.87403
-4.90454
-4.94109
-4.97869
-5.0114
-5.03962
-5.06174
-5.07869
-5.09238
-5.10311
-5.10987
-5.11549
-5.11858
-5.11894
-5.11644
-5.10799
-5.0935
-5.07736
-5.06031
-5.04613
-5.03835
-5.03317
-5.02884
-5.02408
-5.02009
-5.0166
-5.01368
-5.01285
-5.0135
-5.01152
-5.01037
-5.00728
-5.00477
-5.00386
-5.00528
-5.00663
-5.00747
-5.00521
-5.00191
-5.00011
-4.99548
-4.98474
-4.96929
-4.95112
-4.9356
-4.92426
-4.92067
-4.92483
-4.93644
-4.95427
-4.97628
-4.99997
-5.02249
-5.04271
-5.0598
-5.0729
-5.08284
-5.09026
-5.09681
-5.10367
-5.10849
-5.11365
-5.11869
-5.11999
-5.11967
-5.11407
-5.10618
-5.09639
-5.08767
-5.08335
-5.08533
-5.09372
-5.10792
-5.12381
-5.14038
-5.1562
-5.16824
-5.17601
-5.17731
-5.1747
-5.17089
-5.17261
-5.17864
-5.1864
-5.19231
-5.1948
-5.19546
-5.19512
-5.19672
-5.20157
-5.20857
-5.21961
-5.23432
-5.25259
-5.27383
-5.29358
-5.30874
-5.31557
-5.3134
-5.30429
-5.288
-5.26569
-5.23823
-5.2106
-5.18335
-5.16027
-5.14154
-5.12904
-5.12152
-5.11848
-5.11966
-5.12356
-5.12952
-5.13584
-5.14064
-5.1443
-5.14228
-5.13406
-5.11904
-5.09782
-5.07143
-5.04152
-5.01289
-4.98902
-4.97339
-4.96542
-4.96529
-4.97107
-4.97889
-4.98507
-4.98571
-4.98232
-4.97637
-4.97118
-4.97343
-4.98482
-5.00207
-5.02472
-5.04602
-5.06892
-5.09163
-5.11497
-5.13796
-5.16081
-5.18113
-5.19635
-5.20554
-5.20597
-5.19814
-5.18381
-5.16762
-5.15171
-5.13852
-5.12909
-5.12331
-5.12152
-5.12119
-5.12228
-5.12396
-5.12351
-5.12052
-5.11315
-5.10208
-5.08845
-5.07107
-5.0529
-5.03319
-5.01289
-4.99213
-4.97303
-4.95769
-4.94818
-4.94191
-4.93969
-4.94007
-4.94084
-4.94416
-4.94655
-4.94828
-4.95083
-4.9568
-4.96383
-4.97566
-4.99039
-5.0065
-5.02317
-5.03991
-5.05507
-5.06682
-5.07588
-5.08366
-5.09079
-5.09726
-5.10351
-5.10651
-5.104
-5.09505
-5.08049
-5.06383
-5.04679
-5.0332
-5.02579
-5.02631
-5.03617
-5.05262
-5.07173
-5.08678
-5.09531
-5.09568
-5.09116
-5.08193
-5.07359
-5.06803
-5.06493
-5.0646
-5.07022
-5.08096
-5.0974
-5.11684
-5.13776
-5.15513
-5.16694
-5.16859
-5.16087
-5.14432
-5.1208
-5.09436
-5.06854
-5.04638
-5.02707
-5.01304
-5.00435
-5.00109
-5.00442
-5.01364
-5.02754
-5.04582
-5.0651
-5.0853
-5.10436
-5.12255
-5.1405
-5.15639
-5.16929
-5.17585
-5.17575
-5.1654
-5.14777
-5.12299
-5.0924
-5.05538
-5.01814
-4.98147
-4.95028
-4.92688
-4.91189
-4.90637
-4.91031
-4.92391
-4.94772
-4.97447
-5.00257
-5.02558
-5.04221
-5.05173
-5.05406
-5.05104
-5.04157
-5.02952
-5.01623
-5.00635
-4.9994
-4.99606
-4.99731
-4.99958
-5.00214
-5.00436
-5.00591
-5.00934
-5.01724
-5.02822
-5.04331
-5.06096
-5.07843
-5.09301
-5.10083
-5.10354
-5.09824
-5.09017
-5.08009
-5.06931
-5.05875
-5.04584
-5.03123
-5.01253
-4.98879
-4.96063
-4.93192
-4.90728
-4.89003
-4.88486
-4.8889
-4.90034
-4.91604
-4.93193
-4.94576
-4.95721
-4.96678
-4.97493
-4.98249
-4.99219
-5.00126
-5.01103
-5.01963
-5.02759
-5.03336
-5.03717
-5.04189
-5.04944
-5.05921
-5.0754
-5.09519
-5.11619
-5.13447
-5.14799
-5.15466
-5.15376
-5.14487
-5.12724
-5.10312
-5.07742
-5.05011
-5.02576
-5.00561
-4.99437
-4.99357
-5.00374
-5.02449
-5.052
-5.08012
-5.1033
-5.11838
-5.12526
-5.1222
-5.11263
-5.1017
-5.0908
-5.08766
-5.09168
-5.1059
-5.12591
-5.14886
-5.16813
-5.17941
-5.18118
-5.17402
-5.15906
-5.13851
-5.11613
-5.09428
-5.0774
-5.06597
-5.06309
-5.06966
-5.08449
-5.10259
-5.12145
-5.13501
-5.14217
-5.13974
-5.12843
-5.11028
-5.09006
-5.06981
-5.05458
-5.04546
-5.04428
-5.04834
-5.05559
-5.06282
-5.07009
-5.07592
-5.0842
-5.09431
-5.10465
-5.1118
-5.11521
-5.11418
-5.11072
-5.10886
-5.10896
-5.11242
-5.12218
-5.1372
-5.15553
-5.17564
-5.1938
-5.20988
-5.219
-5.22265
-5.22071
-5.21421
-5.20814
-5.20135
-5.19665
-5.19567
-5.19884
-5.20457
-5.21042
-5.21514
-5.21673
-5.21388
-5.20912
-5.20162
-5.18981
-5.17644
-5.16028
-5.1439
-5.13104
-5.12451
-5.12535
-5.12925
-5.1307
-5.12528
-5.1129
-5.09355
-5.0666
-5.03324
-4.99701
-4.96029
-4.93343
-4.91874
-4.92016
-4.94069
-4.97161
-5.00786
-5.04066
-5.06876
-5.08851
-5.10085
-5.1072
-5.11181
-5.11474
-5.11638
-5.11716
-5.11177
-5.10042
-5.08431
-5.06203
-5.03757
-5.01529
-4.9987
-4.98875
-4.98813
-4.9955
-5.01051
-5.02941
-5.04901
-5.06744
-5.08183
-5.09117
-5.09633
-5.09793
-5.09862
-5.09706
-5.09703
-5.09798
-5.10539
-5.11734
-5.1346
-5.15356
-5.17128
-5.18491
-5.19123
-5.18989
-5.18131
-5.16751
-5.15202
-5.13614
-5.12286
-5.11481
-5.11068
-5.10932
-5.10891
-5.10525
-5.0991
-5.08971
-5.07918
-5.07024
-5.0614
-5.05215
-5.04371
-5.03583
-5.02685
-5.01711
-5.00751
-4.99794
-4.99035
-4.98794
-4.98846
-4.9903
-4.99719
-5.00816
-5.02535
-5.0485
-5.07661
-5.10887
-5.13989
-5.16512
-5.18164
-5.18826
-5.18605
-5.17655
-5.16069
-5.13897
-5.11208
-5.08077
-5.04521
-5.00639
-4.97048
-4.94079
-4.92227
-4.91825
-4.92843
-4.95355
-4.9908
-5.0343
-5.0782
-5.11561
-5.14319
-5.15825
-5.1622
-5.15962
-5.15411
-5.14937
-5.14611
-5.1455
-5.14494
-5.14215
-5.13437
-5.12363
-5.1115
-5.09989
-5.09056
-5.08544
-5.08765
-5.09576
-5.10533
-5.11236
-5.11319
-5.10565
-5.09076
-5.07026
-5.049
-5.03203
-5.02223
-5.01878
-5.02307
-5.03285
-5.04477
-5.05704
-5.06722
-5.07151
-5.07088
-5.06414
-5.05319
-5.03786
-5.019
-4.99694
-4.97266
-4.94734
-4.91959
-4.89213
-4.8682
-4.84923
-4.83958
-4.83886
-4.84825
-4.86674
-4.89412
-4.92899
-4.96721
-5.00904
-5.05007
-5.08729
-5.11783
-5.13788
-5.15079
-5.15492
-5.15266
-5.14444
-5.13203
-5.11921
-5.10881
-5.10152
-5.10028
-5.10432
-5.11151
-5.11992
-5.12703
-5.13029
-5.13158
-5.12854
-5.12145
-5.11224
-5.09905
-5.08457
-5.07153
-5.06024
-5.05221
-5.05233
-5.05763
-5.06819
-5.08291
-5.09787
-5.11041
-5.11796
-5.12081
-5.12031
-5.11535
-5.1118
-5.11147
-5.11212
-5.11648
-5.12111
-5.12336
-5.12358
-5.12293
-5.12135
-5.11825
-5.11368
-5.10742
-5.1012
-5.0946
-5.08817
-5.08242
-5.07444
-5.06622
-5.05824
-5.05152
-5.04229
-5.03039
-5.01431
-4.99667
-4.97795
-4.96417
-4.95844
-4.96553
-4.98293
-5.00926
-5.04212
-5.07744
-5.11277
-5.14665
-5.17592
-5.20305
-5.2266
-5.24657
-5.26539
-5.28119
-5.29257
-5.30025
-5.30214
-5.29652
-5.28236
-5.25771
-5.22607
-5.18983
-5.15212
-5.11765
-5.08888
-5.06616
-5.05046
-5.04146
-5.04023
-5.04459
-5.05384
-5.06265
-5.0664
-5.06471
-5.05384
-5.03151
-4.99972
-4.96108
-4.91972
-4.8807
-4.8494
-4.82896
-4.8195
-4.82087
-4.83389
-4.85537
-4.88689
-4.92351
-4.96339
-5.00106
-5.03111
-5.05082
-5.05981
-5.06202
-5.06189
-5.06413
-5.06824
-5.07206
-5.07396
-5.07221
-5.07001
-5.07146
-5.0759
-5.08722
-5.10097
-5.11602
-5.12916
-5.13734
-5.13919
-5.13535
-5.12655
-5.11459
-5.10464
-5.0994
-5.10424
-5.11801
-5.13537
-5.15416
-5.16956
-5.17918
-5.18107
-5.17487
-5.16525
-5.15118
-5.13324
-5.11387
-5.09452
-5.07639
-5.0598
-5.04516
-5.03389
-5.02874
-5.02941
-5.0356
-5.04783
-5.06224
-5.07395
-5.08303
-5.08674
-5.08636
-5.08332
-5.07823
