2.15958
2.23667
2.3062
2.35001
2.35367
2.30389
2.21105
2.09435
1.97402
1.87155
1.79849
1.75575
1.73136
1.72052
1.71589
1.71961
1.73269
1.7606
1.80188
1.85776
1.9172
1.97595
2.02452
2.05941
2.07252
2.06743
2.0451
2.01367
1.98302
1.95506
1.93197
1.91201
1.8928
1.87092
1.84877
1.8287
1.81554
1.81372
1.82216
1.84565
1.88534
1.94255
2.01579
2.10008
2.19243
2.28354
2.36702
2.43074
2.46474
2.46832
2.44302
2.39306
2.32598
2.25196
2.17674
2.10684
2.04872
2.01071
1.99682
2.01373
2.06093
2.1326
2.21731
2.29447
2.35281
2.38037
2.37363
2.34272
2.29041
2.2273
2.15926
2.09529
2.03316
1.97912
1.93688
1.9183
1.92804
1.96923
2.0395
2.12972
2.2198
2.29636
2.3541
2.39407
2.42707
2.45728
2.48336
2.50657
2.52374
2.53477
2.53809
2.53463
2.52002
2.492
2.44758
2.38388
2.30853
2.22776
2.14754
2.07729
2.02239
1.98374
1.9595
1.94572
1.94092
1.9437
1.95383
1.96786
1.98926
2.01701
2.05589
2.10232
2.14952
2.18986
2.21051
2.20941
2.18926
2.1563
2.11658
2.07195
2.01977
1.96038
1.89685
1.83739
1.79095
1.76496
1.75519
1.7546
1.75637
1.75423
1.74345
1.72744
1.71621
1.71048
1.71121
1.7135
1.70619
1.6861
1.64776
1.59371
1.53187
1.46958
1.41111
1.36215
1.32217
1.29809
1.29117
1.29607
1.31181
1.33222
1.35791
1.38959
1.43484
1.49867
1.58857
1.70081
1.83002
1.97174
2.11795
2.26253
2.39309
2.49453
2.54801
2.54811
2.49662
2.40812
2.30601
2.20613
2.11661
2.04043
1.97778
1.9219
1.86932
1.82041
1.77534
1.7341
1.69787
1.66293
1.62649
1.58661
1.54583
1.51439
1.50291
1.51286
1.54832
1.60918
1.68789
1.77521
1.85754
1.92062
1.95697
1.96393
1.9551
1.93993
1.93236
1.9416
1.9682
2.00918
2.05868
2.10758
2.15026
2.1784
2.18768
2.17993
2.1506
2.10309
2.03893
1.96393
1.88098
1.79917
1.72245
1.65728
1.6105
1.58257
1.57481
1.58485
1.61292
1.65634
1.70932
1.76583
1.81849
1.8647
1.90233
1.93573
1.96591
2.00042
2.03512
2.0707
2.09714
2.11513
2.11532
2.09918
2.06766
2.02637
1.98748
1.95968
1.94924
1.96408
2.00699
2.07421
2.14975
2.21336
2.25494
2.28027
2.31236
2.3663
2.44563
2.54178
2.63215
2.69995
2.72491
2.69614
2.61705
2.4981
2.35632
2.20845
2.07098
1.9479
1.84416
1.75883
1.68838
1.63144
1.58889
1.55587
1.53469
1.52633
1.53223
1.55845
1.60487
1.66103
1.71948
1.76834
1.8004
1.82411
1.84524
1.86679
1.88607
1.90225
1.9146
1.92106
1.9239
1.93163
1.94051
1.95553
1.97132
1.98379
1.99108
1.99915
2.01183
2.03442
2.06289
2.09278
2.13228
2.1883
2.25819
2.335
2.40397
2.45644
2.48245
2.4803
2.45114
2.3992
2.33119
2.25509
2.17955
2.1098
2.04954
2.00109
1.96272
1.9321
1.90497
1.87824
1.85538
1.83338
1.81444
1.80604
1.80598
1.82022
1.84255
1.8694
1.89188
1.90039
1.88873
1.85595
1.80486
1.74569
1.6842
1.62637
1.58017
1.54862
1.53581
1.53517
1.53719
1.52586
1.50185
1.47277
1.44895
1.43442
1.42462
1.41486
1.39807
1.37116
1.33533
1.28647
1.22405
1.14891
1.06581
0.98829
0.927931
0.895321
0.893376
0.918296
0.968594
1.03984
1.12758
1.22001
1.31173
1.39202
1.45708
1.50253
1.53119
1.54567
1.54809
1.54225
1.53067
1.51833
1.51127
1.51236
1.53189
1.57274
1.63653
1.72128
1.82259
1.93319
2.03947
2.12943
2.19239
2.22699
2.23419
2.22139
2.20062
2.18333
2.17926
2.18627
2.19842
2.20392
2.18563
2.13816
2.06907
1.98371
1.8963
1.80373
1.70967
1.61379
1.5191
1.42731
1.34553
1.28214
1.24249
1.23282
1.25136
1.29202
1.34264
1.39479
1.44046
1.47565
1.49999
1.51377
1.52265
1.5288
1.536
1.55115
1.57698
1.61752
1.67164
1.73656
1.81264
1.89346
1.9785
2.06458
2.14962
2.22797
2.29362
2.34094
2.37293
2.38896
2.39342
2.3924
2.38431
2.3755
2.36515
2.34986
2.32419
2.29104
2.24442
2.18826
2.12669
2.06323
2.00094
1.94438
1.89762
1.85952
1.82695
1.7978
1.77199
1.75046
1.74095
1.74977
1.77917
1.82592
1.88048
1.9354
1.97987
2.0049
2.00342
1.97182
1.91823
1.85695
1.80719
1.77829
1.77409
1.78698
1.81233
1.83673
1.85376
1.86163
1.85815
1.83684
1.79829
1.74249
1.6769
1.60918
1.55356
1.51897
1.51647
1.5458
1.60409
1.68413
1.77384
1.86193
1.93875
2.00218
2.04639
2.07039
2.07364
2.05432
2.01398
1.95592
1.88311
1.80431
1.72296
1.64457
1.56973
1.49836
1.43547
1.38626
1.36015
1.36055
1.39424
1.45597
1.5439
1.65341
1.78192
1.91446
2.04338
2.15433
2.23858
2.29233
2.31255
2.29873
2.25121
2.17217
2.07926
1.9828
1.90016
1.83823
1.8004
1.78687
1.79339
1.81956
1.85639
1.89839
1.93449
1.96234
1.97925
1.98415
1.98494
1.98527
1.98728
1.99052
1.98846
1.9743
1.9488
1.91081
1.86573
1.82256
1.79051
1.77933
1.78765
1.8191
1.86276
1.91436
1.96951
2.02603
2.08908
2.15964
2.24322
2.34116
2.44948
2.55634
2.64716
2.7102
2.73431
2.72443
2.68731
2.63354
2.57491
2.51874
2.46731
2.42003
2.3753
2.33073
2.28123
2.23151
2.18063
2.13321
2.08946
2.05173
2.01827
1.9821
1.93741
1.88302
1.81177
1.73015
1.64596
1.57043
1.51152
1.47622
1.46802
1.48816
1.53662
1.60674
1.68628
1.77027
1.84636
1.90791
1.94317
1.94626
1.91474
1.85103
1.7671
1.68144
1.61143
1.56794
1.55313
1.5683
1.60372
1.64483
1.68206
1.69621
1.68403
1.64076
1.57817
1.50837
1.44981
1.41538
1.41063
1.43475
1.48361
1.54963
1.62174
1.69081
1.74441
1.77716
1.78111
1.75448
1.70204
1.63735
1.57154
1.52123
1.49349
1.49603
1.52718
1.58033
1.6427
1.7051
1.75418
1.78448
1.79195
1.78262
1.76344
1.74313
1.72311
1.70463
1.6794
1.64842
1.61727
1.59508
1.58427
1.58472
1.59024
1.59088
1.58274
1.56105
1.51971
1.46074
1.38958
1.31268
1.24072
1.17823
1.13588
1.11225
1.10668
1.11529
1.12708
1.14066
1.14864
1.14665
1.13399
1.11512
1.09709
1.08513
1.08469
1.09879
1.12342
1.15954
1.20935
1.26806
1.33602
1.40545
1.46522
1.50665
1.52805
1.54125
1.56209
1.60336
1.668
1.75622
1.8673
1.99602
2.13155
2.26236
2.3619
2.41643
2.41388
2.35115
2.25081
2.13283
2.02198
1.92765
1.85905
1.81471
1.79
1.77503
1.76745
1.76644
1.77318
1.79892
1.84527
1.91005
1.99247
2.08096
2.16241
2.22556
2.26473
2.27344
2.25391
2.20917
2.14972
2.08624
2.02664
1.97856
1.9444
1.92186
1.90851
1.89851
1.89213
1.88075
1.86213
1.82501
1.77182
1.70337
1.6299
1.56206
1.5103
1.48414
1.48607
1.51438
1.56231
1.6192
1.67773
1.72909
1.76686
1.7933
1.81229
1.82996
1.85578
1.88971
1.93199
1.97706
2.01843
2.0573
2.09428
2.12766
2.15811
2.18847
2.21827
2.24553
2.26894
2.28334
2.2822
2.26905
2.24705
2.21024
2.15917
2.08909
1.99974
1.89428
1.77895
1.66972
1.58132
1.52364
1.50077
1.51059
1.54868
1.61134
1.69602
1.80019
1.92084
2.05451
2.19441
2.32366
2.42909
2.49531
2.51143
2.47542
2.38767
2.25856
2.10695
1.95324
1.81859
1.71555
1.65145
1.62282
1.61783
1.62457
1.63152
1.63441
1.63173
1.63076
1.63888
1.66239
1.69709
1.73739
1.77662
1.80858
1.82723
1.82605
1.809
1.78833
1.77717
1.78681
1.82294
1.88209
1.95637
2.03118
2.09177
2.12852
2.14022
2.12522
2.09053
2.04668
2.00211
1.96545
1.94614
1.94474
1.96407
2.00107
2.05513
2.12348
2.20429
2.29488
2.39201
2.49557
2.59717
2.68612
2.75446
2.79098
2.79435
2.76273
2.69861
2.6037
2.48253
2.34578
2.1988
2.05495
1.92467
1.81668
1.7396
1.6891
1.66747
1.66915
1.69073
1.72581
1.76437
1.7973
1.81906
1.82231
1.80876
1.78496
1.75804
1.73545
1.7236
1.72066
1.73067
1.75281
1.78302
1.8226
1.86494
1.90262
1.93168
1.94649
1.93699
1.90737
1.85898
1.79721
1.73312
1.6759
1.63341
1.60691
1.59361
1.59261
1.59083
1.58227
1.56979
1.55096
1.5338
1.52382
1.52032
1.52106
1.52623
1.53707
1.55346
1.57513
1.59849
1.62395
1.65109
1.67974
1.71457
1.75164
1.78943
1.82653
1.8703
1.92258
1.98608
2.05424
2.12077
2.16818
2.18383
2.1559
2.08907
1.98975
1.86733
1.73379
1.59773
1.46512
1.34351
1.23044
1.1289
1.0392
0.957846
0.888693
0.8357
0.800256
0.788544
0.805918
0.855648
0.94083
1.05346
1.18451
1.32184
1.4508
1.56251
1.65393
1.72237
1.76764
1.78821
1.7897
1.77781
1.76736
1.77233
1.79888
1.85655
1.95009
2.07443
2.22031
2.3732
2.51565
2.63025
2.70576
2.73942
2.73198
2.68372
2.6011
2.48391
2.34541
2.19716
2.05751
1.94288
1.86194
1.81531
1.79232
1.77895
1.76177
1.74001
1.71975
1.70675
1.70398
1.70307
1.69286
1.67109
1.63133
1.58342
1.53371
1.49186
1.46612
1.46029
1.4731
1.5013
1.53803
1.56921
1.58368
1.56781
1.52335
1.46455
1.40328
1.35448
1.32601
1.32207
1.34244
1.37814
1.42925
1.4932
1.56408
1.63687
1.70671
1.77071
1.82623
1.86877
1.89129
1.89223
1.87232
1.83402
1.7887
1.74933
1.71923
1.70401
1.70115
1.70727
1.7203
