-3.46993
-3.46977
-3.47056
-3.47229
-3.47286
-3.47518
-3.47648
-3.47632
-3.47651
-3.47589
-3.47419
-3.47156
-3.47149
-3.47141
-3.47205
-3.47158
-3.47142
-3.47055
-3.47061
-3.46915
-3.46941
-3.46932
-3.46991
-3.46931
-3.47027
-3.47056
-3.47189
-3.47313
-3.4725
-3.47219
-3.47205
-3.47216
-3.47208
-3.47264
-3.47269
-3.47263
-3.47197
-3.47044
-3.47064
-3.47079
-3.47075
-3.46979
-3.46841
-3.46831
-3.4684
-3.46953
-3.46933
-3.46911
-3.47043
-3.47149
-3.47187
-3.47204
-3.47225
-3.47161
-3.47138
-3.47145
-3.47148
-3.47039
-3.46986
-3.46876
-3.46771
-3.46676
-3.46551
-3.46675
-3.46766
-3.46908
-3.47136
-3.47085
-3.47125
-3.47169
-3.4729
-3.47179
-3.47153
-3.47068
-3.47098
-3.47011
-3.46981
-3.47009
-3.47014
-3.46881
-3.46889
-3.46979
-3.47043
-3.4716
-3.47114
-3.47023
-3.4707
-3.47063
-3.47076
-3.47073
-3.47147
-3.47165
-3.47226
-3.47239
-3.47213
-3.4732
-3.47306
-3.47221
-3.47244
-3.47279
-3.47276
-3.47232
-3.47152
-3.47126
-3.4712
-3.4712
-3.47033
-3.47021
-3.46926
-3.46957
-3.4691
-3.46889
-3.4691
-3.46828
-3.46861
-3.4688
-3.46894
-3.46944
-3.46999
-3.47012
-3.47048
-3.47067
-3.47115
-3.47151
-3.47149
-3.46989
-3.46916
-3.46993
-3.47085
-3.47119
-3.47227
-3.47377
-3.47309
-3.47274
-3.47229
-3.47161
-3.47254
-3.47258
-3.47338
-3.47478
-3.47537
-3.4747
-3.47387
-3.47247
-3.47325
-3.47339
-3.47252
-3.47295
-3.47296
-3.47355
-3.47296
-3.47248
-3.47188
-3.47258
-3.47201
-3.47154
-3.47151
-3.47118
-3.47176
-3.47214
-3.47279
-3.47336
-3.4756
-3.47693
-3.47812
-3.47959
-3.47954
-3.47891
-3.47886
-3.47916
-3.47825
-3.47779
-3.47787
-3.4775
-3.47709
-3.47728
-3.47693
-3.47655
-3.47583
-3.47552
-3.47638
-3.47668
-3.47492
-3.47421
-3.47377
-3.47283
-3.47258
-3.47255
-3.47284
-3.47368
-3.47394
-3.47511
-3.47421
-3.47389
-3.47351
-3.47248
-3.47191
-3.47178
-3.47158
-3.47192
-3.47154
-3.47191
-3.47327
-3.47314
-3.47408
-3.47452
-3.47502
-3.47448
-3.47467
-3.47406
-3.47433
-3.47492
-3.47407
-3.47304
-3.4717
-3.47145
-3.47128
-3.47093
-3.47092
-3.47099
-3.47168
-3.47186
-3.4723
-3.47185
-3.47246
-3.47147
-3.47186
-3.47147
-3.47311
-3.47236
-3.47232
-3.47163
-3.47185
-3.47336
-3.47341
-3.47198
-3.47073
-3.46943
-3.46856
-3.46784
-3.46821
-3.4694
-3.46979
-3.47036
-3.46972
-3.46911
-3.46871
-3.46813
-3.47017
-3.47153
-3.47279
-3.4742
-3.47463
-3.47502
-3.47548
-3.47609
-3.47474
-3.47402
-3.473
-3.4722
-3.47258
-3.47335
-3.47267
-3.47293
-3.47271
-3.47226
-3.47245
-3.47146
-3.46976
-3.4703
-3.47007
-3.46892
-3.46919
-3.46904
-3.46916
-3.46928
-3.4701
-3.47039
-3.46966
-3.46948
-3.46996
-3.46806
-3.46834
-3.46836
-3.46947
-3.47063
-3.47147
-3.47087
-3.47069
-3.46944
-3.46871
-3.47068
-3.47202
-3.47125
-3.47039
-3.46968
-3.47088
-3.47166
-3.47292
-3.47373
-3.47428
-3.47481
-3.47526
-3.47547
-3.47487
-3.47426
-3.47402
-3.47365
-3.47352
-3.4732
-3.47314
-3.4736
-3.47194
-3.47095
-3.4712
-3.47028
-3.47126
-3.47075
-3.47111
-3.47108
-3.47117
-3.47198
-3.47324
-3.47432
-3.47567
-3.47541
-3.47506
-3.47541
-3.47529
-3.47567
-3.47487
-3.47418
-3.47284
-3.47375
-3.47443
-3.47473
-3.47473
-3.47458
-3.47478
-3.47398
-3.47357
-3.47438
-3.47509
-3.47682
-3.47803
-3.47828
-3.47869
-3.47839
-3.47832
-3.47762
-3.47661
-3.4769
-3.47703
-3.47671
-3.4752
-3.47557
-3.47591
-3.47727
-3.47758
-3.47789
-3.47749
-3.47712
-3.47757
-3.47797
-3.47828
-3.47786
-3.47649
-3.47657
-3.47556
-3.47445
-3.47331
-3.47255
-3.47197
-3.47093
-3.47087
-3.47147
-3.47294
-3.47308
-3.47274
-3.47266
-3.47278
-3.47317
-3.47251
-3.4727
-3.47309
-3.47262
-3.47328
-3.47456
-3.47463
-3.47636
-3.4755
-3.47584
-3.47558
-3.47561
-3.47514
-3.47503
-3.4744
-3.4732
-3.47299
-3.47244
-3.47172
-3.47065
-3.47095
-3.47169
-3.47278
-3.4738
-3.47435
-3.47527
-3.47501
-3.47478
-3.47515
-3.47491
-3.47502
-3.47448
-3.47411
-3.47457
-3.4739
-3.47422
-3.474
-3.47355
-3.47228
-3.47127
-3.47132
-3.47314
-3.47346
-3.47352
-3.47327
-3.47211
-3.47344
-3.47417
-3.47422
-3.47408
-3.47525
-3.47452
-3.4753
-3.47601
-3.476
-3.47571
-3.47603
-3.47656
-3.47615
-3.47549
-3.47522
-3.47504
-3.47453
-3.47493
-3.47511
-3.47483
-3.4741
-3.47293
-3.47263
-3.47215
-3.47269
-3.47414
-3.47538
-3.47631
-3.47608
-3.47587
-3.4747
-3.47391
-3.47274
-3.47287
-3.47164
-3.47173
-3.47289
-3.47354
-3.47307
-3.47375
-3.47401
-3.47451
-3.47401
-3.47392
-3.47299
-3.4728
-3.47137
-3.47041
-3.46962
-3.46851
-3.46803
-3.46846
-3.47018
-3.47051
-3.47092
-3.47103
-3.47085
-3.47144
-3.47215
-3.47231
-3.47291
-3.47242
-3.47252
-3.47227
-3.47205
-3.47227
-3.47175
-3.47145
-3.47046
-3.47039
-3.46849
-3.46755
-3.46699
-3.46717
-3.46588
-3.46686
-3.46747
-3.46887
-3.47049
-3.47143
-3.47226
-3.47266
-3.47284
-3.47475
-3.47442
-3.47484
-3.47383
-3.47295
-3.47249
-3.47212
-3.47262
-3.47148
-3.47082
-3.46994
-3.47124
-3.47224
-3.47253
-3.47345
-3.47312
-3.47276
-3.47284
-3.47257
-3.47295
-3.47471
-3.47517
-3.47539
-3.47538
-3.4752
-3.47534
-3.47425
-3.47452
-3.47266
-3.4722
-3.47192
-3.4716
-3.47171
-3.47047
-3.47025
-3.47035
-3.47047
-3.47008
-3.46992
-3.47035
-3.47054
-3.47265
-3.47387
-3.47476
-3.47573
-3.47612
-3.4759
-3.47567
-3.47565
-3.47544
-3.47472
-3.47543
-3.47458
-3.47424
-3.47364
-3.47419
-3.47448
-3.47398
-3.47411
-3.47488
-3.47397
-3.47487
-3.4756
-3.47604
-3.47527
-3.4741
-3.47273
-3.47188
-3.47164
-3.47062
-3.46937
-3.47022
-3.47016
-3.47083
-3.47072
-3.47192
-3.47362
-3.47492
-3.47601
-3.47647
-3.47572
-3.474
-3.4723
-3.47222
-3.47141
-3.47091
-3.47219
-3.47213
-3.47398
-3.47404
-3.47502
-3.47514
-3.47626
-3.47677
-3.47624
-3.47515
-3.47429
-3.47347
-3.4726
-3.47265
-3.47285
-3.47457
-3.47535
-3.47612
-3.47715
-3.47855
-3.4785
-3.47875
-3.47756
-3.47717
-3.4761
-3.47486
-3.47346
-3.47332
-3.4728
-3.47349
-3.47404
-3.47547
-3.47624
-3.47687
-3.47683
-3.47752
-3.47671
-3.47664
-3.47632
-3.47616
-3.47562
-3.47563
-3.47503
-3.47404
-3.47448
-3.47465
-3.47421
-3.47504
-3.47597
-3.47613
-3.47617
-3.47517
-3.47561
-3.47442
-3.47369
-3.47276
-3.47125
-3.47222
-3.47235
-3.47249
-3.47288
-3.47367
-3.4743
-3.47426
-3.47435
-3.47402
-3.47263
-3.47262
-3.47292
-3.472
-3.47261
-3.4729
-3.47335
-3.47417
-3.4749
-3.47608
-3.4765
-3.47566
-3.47344
-3.47202
-3.47182
-3.47158
-3.47108
-3.47136
-3.47065
-3.47333
-3.4751
-3.47542
-3.47754
-3.47778
-3.47834
-3.47714
-3.4773
-3.47696
-3.47661
-3.47574
-3.47616
-3.47609
-3.47551
-3.47611
-3.47467
-3.47326
-3.47356
-3.47288
-3.47238
-3.47285
-3.47437
-3.47534
-3.47699
-3.47783
-3.47876
-3.47876
-3.47809
-3.47821
-3.47836
-3.47806
-3.4777
-3.47697
-3.4777
-3.47749
-3.47853
-3.47814
-3.47973
-3.48028
-3.48114
-3.48094
-3.48008
-3.47921
-3.47783
-3.47686
-3.47633
-3.47623
-3.47705
-3.47695
-3.47644
-3.47688
-3.47708
-3.47739
-3.47821
-3.4775
-3.47707
-3.47583
-3.47459
-3.4748
-3.47441
-3.47308
-3.47247
-3.47272
-3.47249
-3.47227
-3.47271
-3.47269
-3.47254
-3.47412
-3.47493
-3.47373
-3.47425
-3.47472
-3.47608
-3.47704
-3.47681
-3.47696
-3.47649
-3.47545
-3.4742
-3.47278
-3.47177
-3.47137
-3.47108
-3.47054
-3.47017
-3.47045
-3.47059
-3.46936
-3.46945
-3.46983
-3.4712
-3.47345
-3.47442
-3.47521
-3.47601
-3.4762
-3.47635
-3.47566
-3.47513
-3.47381
-3.47226
-3.47199
-3.47247
-3.47341
-3.47325
-3.47326
-3.47298
-3.47292
-3.47203
-3.47204
-3.47258
-3.4732
-3.47343
-3.4731
-3.47389
-3.47492
-3.47493
-3.47448
-3.474
-3.47346
-3.4734
-3.4728
-3.47247
-3.47342
-3.47536
-3.47586
-3.47641
-3.47655
-3.4759
-3.47588
-3.47655
-3.47575
-3.47522
-3.47394
-3.47347
-3.47293
-3.47233
-3.47131
-3.47061
-3.4713
-3.47134
-3.47177
-3.47298
-3.47314
-3.47408
-3.4743
-3.47507
-3.47594
-3.47721
-3.47835
-3.4771
-3.47686
-3.47687
-3.47735
-3.47781
-3.47576
-3.47506
-3.47383
-3.47348
-3.47286
-3.47184
-3.47197
-3.47345
-3.47412
-3.47503
-3.47552
-3.47544
-3.47556
-3.47564
-3.47457
-3.47496
-3.47474
-3.47409
-3.47455
-3.47359
-3.47277
-3.4732
-3.47322
-3.47237
-3.47404
-3.47465
-3.47497
-3.4758
-3.47602
-3.47583
-3.47488
-3.47438
-3.47507
-3.47389
-3.47405
-3.47497
-3.47373
-3.47439
-3.47564
-3.47593
-3.47565
-3.47569
-3.47601
-3.4763
-3.47662
-3.47626
-3.47626
-3.47581
-3.47563
-3.47662
-3.47597
-3.47524
-3.47438
-3.47464
-3.47352
-3.47256
-3.47126
-3.47179
-3.47194
-3.47321
-3.47383
-3.47564
-3.47624
-3.47667
-3.47783
-3.47871
-3.47938
-3.4802
-3.47914
-3.47912
-3.47867
-3.47749
-3.4777
-3.47742
-3.47585
-3.47488
-3.47405
-3.47322
-3.4726
-3.47065
-3.46995
-3.4702
-3.47045
-3.47121
-3.47215
-3.47252
-3.47307
-3.47319
-3.47388
-3.47381
-3.47464
-3.47461
-3.47301
-3.47279
-3.47254
-3.47107
-3.46989
-3.4692
-3.46901
-3.46919
-3.47011
-3.47142
-3.47197
-3.47226
-3.47414
-3.4748
-3.47612
-3.47528
-3.47495
-3.47515
-3.47513
-3.47483
-3.47393
-3.47358
-3.47358
-3.47445
-3.47463
-3.47406
-3.47388
-3.47318
-3.47324
-3.47483
-3.47463
-3.47587
-3.47566
-3.47574
-3.47599
-3.47575
-3.47499
-3.47457
-3.4743
-3.47387
-3.47492
-3.47566
-3.47757
-3.47872
-3.4771
-3.47613
-3.47584
-3.47647
-3.47654
-3.47491
-3.47506
-3.47485
-3.47398
-3.47383
-3.47445
-3.4755
-3.47619
-3.47619
-3.47602
-3.47691
-3.47714
-3.47624
-3.47642
-3.47701
-3.47642
-3.47689
-3.47632
-3.47553
-3.47499
-3.47451
