1.03234
1.01549
0.998961
0.986626
0.982473
0.988688
1.00429
1.02551
1.04747
1.06598
1.07865
1.08526
1.08727
1.08674
1.08511
1.08265
1.07864
1.07219
1.06298
1.0515
1.03894
1.02689
1.01696
1.01053
1.00836
1.01046
1.01602
1.02367
1.0319
1.03949
1.04603
1.05191
1.05785
1.06443
1.0716
1.07879
1.08512
1.08974
1.09194
1.09127
1.0874
1.08022
1.06973
1.05625
1.04063
1.0244
1.00964
0.998466
0.992475
0.99248
0.998391
1.00926
1.02351
1.03942
1.05548
1.07053
1.08346
1.09295
1.09759
1.09623
1.08855
1.07555
1.05956
1.04388
1.03179
1.02552
1.0257
1.03144
1.04091
1.05221
1.06395
1.07549
1.08653
1.09649
1.10424
1.10815
1.10661
1.09883
1.08542
1.06853
1.05139
1.03705
1.027
1.02062
1.01617
1.01214
1.00807
1.00431
1.00127
0.999086
0.99772
0.997359
0.998588
1.00223
1.00899
1.01906
1.03182
1.04589
1.05949
1.07099
1.07948
1.08486
1.08758
1.08825
1.08736
1.08523
1.0822
1.07844
1.07368
1.06731
1.05883
1.04848
1.03748
1.02788
1.02172
1.01991
1.02186
1.02598
1.03102
1.03674
1.04361
1.05191
1.06104
1.06954
1.07568
1.07834
1.07763
1.07491
1.0722
1.07119
1.07254
1.07556
1.07885
1.08118
1.08223
1.0829
1.08485
1.08958
1.09768
1.10867
1.12134
1.13428
1.14632
1.15646
1.16403
1.16861
1.1702
1.16924
1.16667
1.16357
1.16057
1.15717
1.15177
1.14265
1.12886
1.1105
1.08842
1.06358
1.03694
1.00986
0.984509
0.964024
0.951876
0.950308
0.95895
0.974721
0.99333
1.01114
1.0261
1.0378
1.04688
1.05437
1.06112
1.06747
1.07326
1.07829
1.08271
1.08717
1.09251
1.09902
1.106
1.1119
1.11499
1.11385
1.10779
1.09703
1.08266
1.0667
1.05195
1.04142
1.03719
1.03946
1.04635
1.05486
1.06208
1.06605
1.06613
1.06275
1.05718
1.051
1.04566
1.0423
1.04168
1.04419
1.04994
1.05879
1.07032
1.08383
1.09825
1.11232
1.12478
1.13458
1.14101
1.14368
1.14244
1.1374
1.12891
1.11759
1.10452
1.09105
1.07857
1.06806
1.05966
1.0528
1.04649
1.03989
1.03274
1.02552
1.01937
1.01566
1.0154
1.01884
1.02534
1.03367
1.04226
1.04936
1.05312
1.05189
1.04482
1.03269
1.01856
1.00703
1.00115
0.999464
0.997161
0.990033
0.976782
0.958983
0.940229
0.925089
0.91768
0.920356
0.932939
0.953013
0.977076
1.00173
1.02444
1.04373
1.05916
1.07099
1.07987
1.08651
1.09147
1.09504
1.09725
1.09778
1.09599
1.09102
1.08249
1.07137
1.06016
1.05148
1.04611
1.04276
1.03978
1.03653
1.03333
1.0308
1.02935
1.02891
1.02903
1.02898
1.02802
1.02595
1.02353
1.02215
1.02254
1.02384
1.02452
1.02385
1.02213
1.01962
1.01564
1.00899
0.999265
0.987626
0.97648
0.968401
0.965167
0.967401
0.974769
0.986308
1.00068
1.01633
1.03175
1.04564
1.05718
1.06616
1.07289
1.07805
1.08244
1.08671
1.09104
1.09513
1.09833
1.09981
1.09894
1.09555
1.09005
1.08354
1.07766
1.07424
1.07473
1.0796
1.08816
1.09893
1.11022
1.12053
1.12863
1.13356
1.13496
1.13368
1.13203
1.13257
1.13614
1.14112
1.14505
1.14682
1.14712
1.14743
1.14877
1.15146
1.15565
1.16186
1.17086
1.18287
1.19676
1.21013
1.22028
1.2253
1.22453
1.21826
1.20731
1.19266
1.17535
1.15669
1.13829
1.122
1.1093
1.10077
1.09602
1.09424
1.09473
1.09706
1.10082
1.10532
1.10943
1.11182
1.11114
1.10641
1.09715
1.08351
1.0663
1.04706
1.02802
1.0117
1.0003
0.99489
0.995034
0.998943
1.00408
1.00793
1.0088
1.00641
1.00219
0.999045
1.0001
1.00684
1.01829
1.03224
1.04701
1.06205
1.07736
1.09291
1.10854
1.12386
1.13782
1.14877
1.15503
1.15568
1.15095
1.14211
1.13112
1.12001
1.11049
1.10353
1.09931
1.0975
1.09745
1.09834
1.09921
1.09907
1.097
1.09245
1.08531
1.07593
1.06478
1.05245
1.03946
1.02623
1.01324
1.00117
0.990914
0.98336
0.978965
0.977442
0.977869
0.979151
0.980479
0.981581
0.982708
0.984498
0.987694
0.99287
1.00024
1.00959
1.02033
1.03164
1.04258
1.05234
1.06044
1.06693
1.07229
1.07717
1.08182
1.08572
1.0876
1.08612
1.08063
1.07171
1.0608
1.04976
1.04034
1.03443
1.03396
1.03991
1.05102
1.06391
1.07472
1.08093
1.08196
1.07886
1.07352
1.06791
1.06343
1.06093
1.06102
1.06431
1.0713
1.08193
1.09522
1.10923
1.12143
1.12943
1.13148
1.12697
1.11647
1.10153
1.08422
1.06671
1.0508
1.0377
1.02809
1.02221
1.02016
1.02198
1.02766
1.03682
1.0486
1.06179
1.07519
1.08806
1.10034
1.11216
1.12309
1.1319
1.13693
1.1369
1.13128
1.12015
1.104
1.08349
1.05967
1.03419
1.00933
0.987603
0.970929
0.960301
0.956071
0.958439
0.967376
0.981976
1.00003
1.01849
1.0345
1.04618
1.05283
1.05463
1.05228
1.04673
1.03913
1.03086
1.02341
1.01811
1.01569
1.0159
1.01764
1.01958
1.02102
1.02223
1.02426
1.02836
1.03537
1.04528
1.05705
1.06881
1.07845
1.08438
1.08601
1.08372
1.07865
1.07211
1.06514
1.05803
1.05025
1.04066
1.02812
1.01221
0.993706
0.974669
0.957953
0.946326
0.941471
0.943357
0.950391
0.960205
0.970543
0.979903
0.987697
0.994087
0.999665
1.00518
1.01118
1.01778
1.02453
1.03066
1.0356
1.03926
1.04213
1.04519
1.04971
1.05682
1.06702
1.07973
1.09343
1.10613
1.11592
1.12129
1.12125
1.11549
1.10441
1.08917
1.07147
1.0533
1.03662
1.02326
1.01497
1.0133
1.01921
1.03232
1.05035
1.0696
1.0862
1.09739
1.10202
1.10053
1.09448
1.08634
1.07911
1.07579
1.07843
1.08726
1.10051
1.11507
1.12757
1.13545
1.13735
1.13315
1.12373
1.1106
1.09565
1.08095
1.06855
1.06041
1.05798
1.06167
1.07062
1.08273
1.09513
1.10497
1.11001
1.10909
1.10238
1.09122
1.07782
1.06467
1.05406
1.04761
1.04587
1.04807
1.05248
1.05733
1.06171
1.06613
1.0717
1.07866
1.08566
1.09079
1.09305
1.09276
1.09112
1.08959
1.08954
1.09214
1.09809
1.10749
1.1196
1.13298
1.14575
1.15618
1.16306
1.16598
1.1653
1.16197
1.15728
1.15267
1.14944
1.14853
1.15011
1.15351
1.15744
1.16053
1.1618
1.16084
1.15767
1.15247
1.14521
1.13588
1.12492
1.1137
1.10458
1.09974
1.09951
1.10183
1.10336
1.10122
1.09392
1.08115
1.06334
1.04144
1.0171
0.993094
0.973399
0.96243
0.963162
0.975429
0.995889
1.01968
1.04235
1.06097
1.07437
1.08283
1.08764
1.09043
1.09243
1.09391
1.09404
1.0914
1.08477
1.07383
1.05944
1.04346
1.02829
1.01622
1.00894
1.00743
1.01178
1.02117
1.03377
1.04728
1.05948
1.06899
1.0754
1.07909
1.08063
1.08062
1.07972
1.079
1.07989
1.08377
1.09137
1.10231
1.11508
1.12747
1.13713
1.14227
1.14202
1.13665
1.12753
1.11665
1.10613
1.09761
1.09195
1.08906
1.08796
1.08713
1.08517
1.08135
1.07592
1.06973
1.06363
1.05799
1.05271
1.0475
1.04207
1.03624
1.0299
1.0232
1.01683
1.01188
1.00921
1.00902
1.01105
1.01529
1.02229
1.03285
1.04764
1.06654
1.08794
1.10894
1.12644
1.13829
1.14366
1.14285
1.13679
1.12641
1.11229
1.09461
1.07355
1.04975
1.02469
1.00069
0.980639
0.96738
0.963197
0.969343
0.985562
1.00986
1.03873
1.0679
1.0933
1.11204
1.12296
1.12663
1.12508
1.1211
1.11731
1.11524
1.11483
1.11464
1.11282
1.10823
1.10106
1.09262
1.08446
1.07809
1.07489
1.07584
1.08056
1.08693
1.09192
1.09279
1.08813
1.07824
1.06498
1.05102
1.03908
1.03125
1.02861
1.03111
1.03753
1.04591
1.05411
1.06044
1.06384
1.06377
1.06014
1.05315
1.04328
1.03112
1.01709
1.00136
0.984029
0.9655
0.946906
0.930142
0.917394
0.910335
0.90971
0.91545
0.927199
0.944604
0.967097
0.993406
1.02145
1.0488
1.07329
1.09335
1.10808
1.11715
1.12073
1.11945
1.11439
1.10679
1.09816
1.09024
1.08494
1.0835
1.08587
1.09071
1.09624
1.10093
1.10382
1.10441
1.10254
1.09824
1.09179
1.08364
1.07453
1.06555
1.05801
1.05322
1.05219
1.05532
1.06215
1.07141
1.08124
1.08972
1.09538
1.09762
1.09683
1.09431
1.09184
1.091
1.09226
1.09472
1.09698
1.09829
1.09862
1.09816
1.09689
1.09463
1.09137
1.08744
1.08329
1.07919
1.07503
1.07053
1.06564
1.06065
1.05591
1.05126
1.04584
1.03855
1.02869
1.01659
1.00401
0.993976
0.989737
0.993259
1.00446
1.02173
1.04286
1.06582
1.08893
1.11097
1.13119
1.14929
1.16529
1.17939
1.19179
1.20251
1.21115
1.21691
1.21873
1.21554
1.20651
1.19137
1.17075
1.14642
1.12112
1.09763
1.07782
1.06242
1.0516
1.04551
1.04423
1.04719
1.0528
1.05869
1.06226
1.06128
1.0542
1.04029
1.01989
0.994586
0.967141
0.94101
0.919525
0.905028
0.898352
0.899076
0.906498
0.920379
0.940511
0.965486
0.992295
1.01727
1.03732
1.05066
1.05725
1.05896
1.05888
1.05978
1.06241
1.06534
1.06672
1.06602
1.06451
1.06442
1.06752
1.07423
1.08354
1.09352
1.10211
1.10773
1.10946
1.10719
1.1015
1.09382
1.08648
1.08249
1.08445
1.09286
1.10551
1.11869
1.12915
1.13514
1.13635
1.1333
1.1268
1.11755
1.10618
1.09336
1.08005
1.06726
1.05574
1.04598
1.03858
1.03455
1.03484
1.03958
1.0476
1.05682
1.06502
1.07076
1.07361
1.07389
1.07222
1.06915
