-0.0695662   0.201915   0.378908
0.464718   0.272171   0.0716579
-0.259822   0.376945   -0.410826
-0.1156   -0.0372046   -0.377419
-0.224532   0.0647805   0.256362
-0.102994   0.465979   -0.352334
-0.0141923   0.423034   -0.253487
0.147219   -0.256808   -0.382769
-0.193433   0.333893   -0.208718
0.366558   0.120525   0.245339
0.350059   -0.0492278   -0.367843
0.153547   -0.19367   -0.272579
0.163015   0.480687   0.0956362
-0.428163   -0.465879   -0.268268
-0.395408   0.46687   0.401055
-0.427496   -0.203358   -0.255002
0.190644   0.0340403   -0.0929161
-0.401733   0.188096   0.385932
-0.412503   -0.076586   0.193561
-0.102065   -0.378829   0.465424
0.314629   0.236553   -0.43676
0.253477   0.124092   -0.181017
-0.0207341   0.311287   -0.318676
-0.435211   0.0191825   -0.0494902
0.0623105   -0.488882   -0.0514621
0.285781   -0.389849   0.459896
-0.492872   -0.0317966   -0.00764228
0.46606   0.172549   0.0292195
0.34679   -0.328206   0.079497
-0.353376   0.113442   0.122708
-0.35841   -0.290588   0.329939
-0.0076093   -0.173094   0.455732
0.136139   -0.249355   -0.209586
0.174988   0.250277   -0.216441
-0.181491   -0.117345   -0.438795
-0.125952   -0.0889649   -0.0708067
0.367905   0.492793   -0.241564
0.323153   0.46774   -0.400154
-0.273507   -0.196778   -0.0203683
-0.202783   -0.329268   -0.0104511
0.360984   0.124144   -0.181644
0.0290316   -0.0918947   0.389631
-0.270763   -0.108249   0.327581
-0.232618   0.303573   0.0409049
-0.480787   -0.464243   -0.0575781
0.268278   0.17741   0.416897
0.322692   -0.44957   0.390176
-0.082329   -0.124094   0.499338
-0.28392   -0.269408   0.366482
-0.471723   -0.220342   0.40806
0.415681   0.0248538   0.152339
0.124037   -0.120496   0.045196
-0.243185   -0.203327   0.402538
0.241618   0.219164   0.345519
-0.491797   -0.0939329   0.304806
-0.309687   -0.160703   0.40024
-0.302153   0.362741   0.235506
0.19971   -0.0293291   -0.189228
-0.426808   -0.146417   0.396619
-0.483049   0.454248   0.117449
-0.489812   0.276102   -0.299064
-0.12536   0.188695   -0.226654
0.145035   -0.20959   0.193647
0.0721577   0.495211   -0.206834
0.101044   0.0555334   0.22226
-0.497979   0.0384663   0.0412308
0.0352679   0.0603882   0.383636
0.474923   -0.126296   -0.331701
0.128399   -0.48105   -0.156837
0.286592   0.0982888   0.394059
0.219267   0.140569   0.313668
-0.00488012   0.414168   -0.373586
-0.417178   -0.308874   -0.198193
-0.0685382   0.344064   -0.249546
-0.145387   0.458357   0.262071
0.422186   0.286946   0.211811
0.445945   -0.0216804   0.0576366
-0.251541   0.360003   0.317096
0.298613   0.0168263   0.168193
-0.175411   -0.496685   0.0172901
-0.106117   0.347504   -0.341697
-0.383155   0.164897   -0.496034
-0.445158   -0.190189   0.329543
0.323323   0.147926   0.478256
-0.0127968   0.258204   -0.239086
0.371209   0.203184   0.2073
0.394786   0.149549   -0.078146
-0.369405   -0.0614677   -0.119703
-0.192397   -0.283705   -0.0858222
-0.404247   -0.286157   -0.055228
0.376539   -0.392255   -0.356758
-0.382489   -0.283884   0.0687542
-0.398759   -0.0448905   -0.0317196
-0.158043   0.195856   0.145847
0.238168   -0.4023   -0.471932
-0.462994   0.252522   0.475219
0.21203   -0.191616   -0.197276
0.207811   -0.169025   0.135188
-0.0163392   -0.0721666   0.48296
0.359998   -0.0652164   -0.0886407
0.10026   -0.150068   0.36206
-0.412265   -0.202887   -0.399822
0.458977   0.283752   -0.209165
0.299558   -0.341275   0.395816
0.206862   0.241974   -0.132738
-0.445862   -0.167627   0.489171
0.320488   0.445617   -0.157402
-0.0464704   -0.483154   -0.456342
