-0.0694988   0.201908   0.37891
0.464689   0.272245   0.0716634
-0.259804   0.376916   -0.410861
-0.115621   -0.0371584   -0.377366
-0.224568   0.0647242   0.256391
-0.103023   0.465924   -0.352274
-0.0141322   0.423065   -0.253478
0.147273   -0.256796   -0.382732
-0.193441   0.333857   -0.208672
0.366483   0.120459   0.245281
0.35003   -0.049262   -0.36779
0.153552   -0.193672   -0.272625
0.163078   0.480686   0.0956829
-0.428163   -0.465866   -0.268357
-0.395456   0.46691   0.401032
-0.427477   -0.20339   -0.25501
0.190617   0.0340755   -0.0929357
-0.401722   0.188137   0.385936
-0.412509   -0.0765092   0.193563
-0.102079   -0.37888   0.465468
0.314637   0.236569   -0.436813
0.253432   0.124032   -0.181077
-0.0207469   0.311317   -0.318676
-0.435161   0.0191392   -0.0494758
0.062313   -0.488856   -0.0514191
0.285779   -0.389765   0.459874
-0.492919   -0.0318019   -0.00761927
0.466005   0.172591   0.0292429
0.346848   -0.328174   0.0794557
-0.353335   0.113433   0.122796
-0.358424   -0.290585   0.329836
-0.00764409   -0.173109   0.45571
0.136106   -0.249333   -0.209623
0.174947   0.250271   -0.216424
-0.181467   -0.11725   -0.438787
-0.125948   -0.0889458   -0.070851
0.367934   0.492763   -0.241509
0.323148   0.467832   -0.40018
-0.273528   -0.196816   -0.0203558
-0.202849   -0.329285   -0.0103852
0.36097   0.124131   -0.181653
0.0289726   -0.0919181   0.389636
-0.270816   -0.10819   0.327571
-0.232602   0.303554   0.0410061
-0.4808   -0.464244   -0.0575244
0.268226   0.177377   0.416917
0.322627   -0.449546   0.390188
-0.0823381   -0.124099   0.499358
-0.283848   -0.269419   0.36649
-0.471761   -0.220299   0.408079
0.415789   0.0249129   0.152339
0.123947   -0.120509   0.0451595
-0.243133   -0.203258   0.402581
0.241628   0.219149   0.345495
-0.491824   -0.0939327   0.304795
-0.309727   -0.1607   0.400272
-0.302164   0.362769   0.235452
0.199684   -0.0293293   -0.189242
-0.42681   -0.146426   0.396659
-0.483026   0.454193   0.117445
-0.489761   0.276154   -0.299016
-0.125462   0.188707   -0.226743
0.144999   -0.209645   0.193657
0.0721241   0.495172   -0.206907
0.100962   0.0555295   0.222233
-0.497971   0.0384242   0.0413059
0.0352583   0.0604023   0.383641
0.474966   -0.12633   -0.3317
0.12838   -0.481029   -0.15677
0.286546   0.0983036   0.394022
0.219375   0.140542   0.313679
-0.00491116   0.414111   -0.373619
-0.417151   -0.308887   -0.198223
-0.0685244   0.34408   -0.249511
-0.14536   0.458456   0.262075
0.42221   0.287013   0.21178
0.445969   -0.0217043   0.0575731
-0.251459   0.360004   0.317048
0.298621   0.0167828   0.168208
-0.175393   -0.496639   0.01727
-0.106154   0.347553   -0.34167
-0.383083   0.164915   -0.496033
-0.445185   -0.190228   0.329506
0.323377   0.147931   0.478192
-0.012738   0.258191   -0.239042
0.371259   0.203182   0.207341
0.394744   0.149516   -0.0781187
-0.369346   -0.0614271   -0.119771
-0.192382   -0.283686   -0.0857861
-0.404285   -0.286146   -0.0552301
0.376529   -0.392314   -0.356816
-0.382504   -0.283879   0.0687803
-0.398717   -0.0449161   -0.0317046
-0.15803   0.195779   0.145877
0.23819   -0.402333   -0.471924
-0.463039   0.252468   0.47527
0.211977   -0.191645   -0.197285
0.207845   -0.169091   0.135176
-0.0163314   -0.0722627   0.482955
0.359972   -0.0652009   -0.0886652
0.100293   -0.150093   0.362056
-0.412252   -0.202885   -0.399948
0.459079   0.283736   -0.209164
0.299521   -0.34119   0.39587
0.206885   0.241968   -0.132815
-0.445846   -0.167672   0.489267
0.320527   0.445643   -0.157339
-0.0464693   -0.483143   -0.456441
