-0.442671
-0.434135
-0.425938
-0.418756
-0.413197
-0.409694
-0.408461
-0.409639
-0.413377
-0.41967
-0.428101
-0.437773
-0.447519
-0.456251
-0.463261
-0.46823
-0.471129
-0.472077
-0.471197
-0.468527
-0.464047
-0.457759
-0.449914
-0.441302
-0.433475
-0.428563
-0.428358
-0.433345
-0.442329
-0.453115
-0.463665
-0.472672
-0.479683
-0.484775
-0.488265
-0.490543
-0.49197
-0.492794
-0.493199
-0.493252
-0.492919
-0.492129
-0.490722
-0.488557
-0.485548
-0.481735
-0.477287
-0.472591
-0.468095
-0.464254
-0.461329
-0.459317
-0.457998
-0.457066
-0.456268
-0.455508
-0.454871
-0.454497
-0.454527
-0.455002
-0.455838
-0.456944
-0.458216
-0.459648
-0.461266
-0.463097
-0.465145
-0.467324
-0.469543
-0.471676
-0.473665
-0.475545
-0.477442
-0.479542
-0.482012
-0.484979
-0.488442
-0.492345
-0.496592
-0.501071
-0.505675
-0.510289
-0.514756
-0.518977
-0.522794
-0.526062
-0.528625
-0.530289
-0.530867
-0.530069
-0.527607
-0.523154
-0.516469
-0.5075
-0.496632
-0.484886
-0.473959
-0.465883
-0.462387
-0.464075
-0.470182
-0.47894
-0.488371
-0.496908
-0.50371
-0.508587
-0.511876
-0.514165
-0.516151
-0.518516
-0.521664
-0.525725
-0.530547
-0.535786
-0.541019
-0.545902
-0.550182
-0.553694
-0.556377
-0.558228
-0.559266
-0.559498
-0.558962
-0.55769
-0.555703
-0.553063
-0.549869
-0.546223
-0.542271
-0.53816
-0.534094
-0.530215
-0.526682
-0.523607
-0.521027
-0.518847
-0.516873
-0.514857
-0.512646
-0.510273
-0.508038
-0.506381
-0.505808
-0.506744
-0.509416
-0.513802
-0.519644
-0.526447
-0.533592
-0.540483
-0.546658
-0.551742
-0.555541
-0.558003
-0.559146
-0.559043
-0.557778
-0.555472
-0.552262
-0.548337
-0.543925
-0.539336
-0.534915
-0.530987
-0.527795
-0.525483
-0.524034
-0.52331
-0.5231
-0.52317
-0.523339
-0.523473
-0.523496
-0.523335
-0.522995
-0.52248
-0.521831
-0.521138
-0.520507
-0.520078
-0.519996
-0.520389
-0.521335
-0.522847
-0.524852
-0.527186
-0.529676
-0.532097
-0.534274
-0.536052
-0.537361
-0.538155
-0.538425
-0.538195
-0.537486
-0.53631
-0.534666
-0.53257
-0.530094
-0.527397
-0.524763
-0.52259
-0.521309
-0.521255
-0.522521
-0.52489
-0.527845
-0.53075
-0.532958
-0.533941
-0.533287
-0.530752
-0.526284
-0.520112
-0.512799
-0.505333
-0.49904
-0.495148
-0.494365
-0.496519
-0.50075
-0.505882
-0.510831
-0.514884
-0.517652
-0.519047
-0.519156
-0.518228
-0.516577
-0.514517
-0.512295
-0.510023
-0.50771
-0.505241
-0.502518
-0.499524
-0.496321
-0.493122
-0.490182
-0.487829
-0.486344
-0.485957
-0.486728
-0.488508
-0.490951
-0.493612
-0.496082
-0.49815
-0.499877
-0.501533
-0.503466
-0.505904
-0.508797
-0.511905
-0.514829
-0.517204
-0.518769
-0.519399
-0.519099
-0.517954
-0.516101
-0.513689
-0.510926
-0.508002
-0.505165
-0.502599
-0.500491
-0.498949
-0.497988
-0.497549
-0.497471
-0.497564
-0.497635
-0.497524
-0.497075
-0.496207
-0.494872
-0.493098
-0.49092
-0.488432
-0.485744
-0.483005
-0.480333
-0.477853
-0.47566
-0.473821
-0.472351
-0.471208
-0.470299
-0.469531
-0.468762
-0.46787
-0.466756
-0.465332
-0.463587
-0.461532
-0.459236
-0.456788
-0.454308
-0.451938
-0.449763
-0.447889
-0.446371
-0.445226
-0.444459
-0.44405
-0.443999
-0.444261
-0.444799
-0.445567
-0.446522
-0.447617
-0.4488
-0.450021
-0.451239
-0.452402
-0.453489
-0.454462
-0.455301
-0.455977
-0.456505
-0.456869
-0.457068
-0.457105
-0.457001
-0.456751
-0.4564
-0.455966
-0.455527
-0.455131
-0.454856
-0.454776
-0.454974
-0.455496
-0.45632
-0.457389
-0.458576
-0.459702
-0.46056
-0.460907
-0.460514
-0.459203
-0.456843
-0.453385
-0.448954
-0.44389
-0.438728
-0.434197
-0.431036
-0.429872
-0.430971
-0.434177
-0.438942
-0.444532
-0.450197
-0.455358
-0.459622
-0.46279
-0.464787
-0.465645
-0.465434
-0.464285
-0.462334
-0.459748
-0.456751
-0.453597
-0.450625
-0.448182
-0.446593
-0.446091
-0.446791
-0.448646
-0.451432
-0.454836
-0.458501
-0.462104
-0.465356
-0.46809
-0.470221
-0.471739
-0.472667
-0.473069
-0.473023
-0.472626
-0.471943
-0.471088
-0.470141
-0.469175
-0.468251
-0.467397
-0.466615
-0.465869
-0.465077
-0.464129
-0.462863
-0.461114
-0.458734
-0.455642
-0.451868
-0.447602
-0.443162
-0.439028
-0.435648
-0.433277
-0.43188
-0.431079
-0.430276
-0.428888
-0.426543
-0.423202
-0.41929
-0.415574
-0.412996
-0.412282
-0.413623
-0.416582
-0.420423
-0.424458
-0.428388
-0.432286
-0.436465
-0.441174
-0.446469
-0.452113
-0.457764
-0.463075
-0.467794
-0.471836
-0.475243
-0.4781
-0.480539
-0.48266
-0.484535
-0.486204
-0.48764
-0.488823
-0.489718
-0.490263
-0.490425
-0.490168
-0.489462
-0.488281
-0.486618
-0.484491
-0.481933
-0.478998
-0.475768
-0.472349
-0.46887
-0.465474
-0.462275
-0.459362
-0.456832
-0.454798
-0.453438
-0.453026
-0.453851
-0.456092
-0.459674
-0.464136
-0.468804
-0.472859
-0.475583
-0.476439
-0.475097
-0.471476
-0.465731
-0.458199
-0.449454
-0.440242
-0.431431
-0.423833
-0.418098
-0.414528
-0.413055
-0.413284
-0.414595
-0.416393
-0.41816
-0.419671
-0.420988
-0.42245
-0.424472
-0.427387
-0.431215
-0.435672
-0.44024
-0.444376
-0.447653
-0.449798
-0.450742
-0.45052
-0.449264
-0.447182
-0.444465
-0.44136
-0.438116
-0.434946
-0.432025
-0.429458
-0.427277
-0.425472
-0.423945
-0.422602
-0.421328
-0.420037
-0.418656
-0.417109
-0.415345
-0.413325
-0.41104
-0.408511
-0.405837
-0.403169
-0.400724
-0.398747
-0.397453
-0.396982
-0.39733
-0.398374
-0.399908
-0.401643
-0.403359
-0.40486
-0.406033
-0.406834
-0.407256
-0.407351
-0.407183
-0.406841
-0.406385
-0.405877
-0.405358
-0.404858
-0.404388
-0.403963
-0.403554
-0.403152
-0.402738
-0.402282
-0.401772
-0.401168
-0.400457
-0.399631
-0.398658
-0.397547
-0.396251
-0.39478
-0.393119
-0.391306
-0.389378
-0.387424
-0.385562
-0.383929
-0.38268
-0.381939
-0.381776
-0.382212
-0.383178
-0.384551
-0.386194
-0.387965
-0.389753
-0.391486
-0.393116
-0.394662
-0.396158
-0.397668
-0.399227
-0.400902
-0.402682
-0.404567
-0.406484
-0.408377
-0.410156
-0.411733
-0.413069
-0.414129
-0.414882
-0.415305
-0.415319
-0.414778
-0.413445
-0.411027
-0.40723
-0.401937
-0.395273
-0.387805
-0.380465
-0.37438
-0.370451
-0.369094
-0.370173
-0.373236
-0.377765
-0.383238
-0.389191
-0.395168
-0.400739
-0.405566
-0.409422
-0.412232
-0.413999
-0.414862
-0.414969
-0.41447
-0.413552
-0.412367
-0.411044
-0.409694
-0.408447
-0.407343
-0.406451
-0.405774
-0.405295
-0.404965
-0.404734
-0.404506
-0.404233
-0.403872
-0.403431
-0.402981
-0.402617
-0.402485
-0.402734
-0.403471
-0.404716
-0.406415
-0.408438
-0.410596
-0.412698
-0.414584
-0.416145
-0.417304
-0.418023
-0.41834
-0.418317
-0.418064
-0.417704
-0.417416
-0.417361
-0.417673
-0.418472
-0.419779
-0.421547
-0.423649
-0.425904
-0.4281
-0.43005
-0.431557
-0.432508
-0.432862
-0.432641
-0.431935
-0.430944
-0.429894
-0.429035
-0.428612
-0.42877
-0.429544
-0.43088
-0.432585
-0.434458
-0.436247
-0.437754
-0.438858
-0.439491
-0.439608
-0.43919
-0.438201
-0.436571
-0.434195
-0.430984
-0.426915
-0.422103
-0.416757
-0.411183
-0.405689
-0.400518
-0.395951
-0.39227
-0.389819
-0.388833
-0.389364
-0.391195
-0.39398
-0.397378
-0.40105
-0.404764
-0.408236
-0.411278
-0.413711
-0.415494
-0.416711
-0.417624
-0.418563
-0.41987
-0.421784
-0.424375
-0.427547
-0.431047
-0.434568
-0.437844
-0.440655
-0.442902
-0.444545
-0.445568
-0.446014
-0.445938
-0.445357
-0.444309
-0.442808
-0.44084
-0.43836
-0.435352
-0.431747
-0.427544
-0.422752
-0.417447
-0.411768
-0.405954
-0.400302
-0.395186
-0.390972
-0.387946
-0.386301
-0.386113
-0.387309
-0.38973
-0.393104
-0.397136
-0.401484
-0.40582
-0.409837
-0.413337
-0.416165
-0.418278
-0.419659
-0.420378
-0.420514
-0.420158
-0.419437
-0.418453
-0.417323
-0.416144
-0.414991
-0.41391
-0.412929
-0.412039
-0.411231
-0.410444
-0.409623
-0.408735
-0.407709
-0.406536
-0.405202
-0.403694
-0.401998
-0.400091
-0.397963
-0.3956
-0.393029
-0.390316
-0.387645
-0.385277
-0.3835
-0.382581
-0.382662
-0.383754
-0.385716
-0.388316
-0.391306
-0.394436
-0.397504
-0.400377
-0.40293
-0.405103
-0.406861
-0.4082
-0.409128
-0.409696
-0.409916
-0.409795
-0.409284
-0.408329
-0.406785
-0.404464
-0.40122
-0.396976
-0.391862
-0.386345
-0.381235
-0.377529
-0.37609
-0.377279
-0.380775
-0.385776
-0.391309
-0.396621
-0.4013
-0.405233
-0.408481
-0.411198
-0.413547
-0.415625
-0.417502
-0.419179
-0.420602
-0.421732
-0.422502
-0.422861
-0.422772
-0.42224
-0.421286
-0.419951
-0.418288
-0.416392
-0.414347
-0.41218
-0.409899
-0.407372
-0.404436
-0.400867
-0.396492
-0.391308
-0.385573
-0.379832
-0.374803
-0.371249
-0.369793
-0.370855
-0.374631
-0.380865
-0.388844
-0.397447
-0.405508
-0.412118
-0.416767
-0.419314
-0.419897
-0.418812
-0.416502
-0.413517
-0.410518
-0.408168
-0.40706
-0.407532
-0.409592
-0.412942
-0.417091
-0.421542
-0.425897
-0.429896
-0.433413
-0.436424
-0.438983
-0.441161
-0.443043
-0.44471
-0.446245
-0.447709
-0.449138
-0.450558
-0.451949
-0.453294
-0.454521
-0.455559
-0.456335
-0.456726
-0.456629
-0.455924
-0.454466
-0.452118
-0.448767
-0.444293
-0.438678
-0.43201
-0.424572
-0.416909
-0.409773
-0.404081
-0.400629
-0.399867
-0.401744
-0.405731
-0.411092
-0.417108
-0.423211
-0.4291
-0.434646
-0.439817
-0.444637
-0.449101
-0.453182
-0.456783
-0.459837
-0.462258
-0.463997
-0.465027
-0.465344
-0.465002
-0.464057
-0.462583
-0.460672
-0.458428
-0.455965
-0.453414
-0.450872
-0.448453
-0.446265
-0.444419
-0.443045
-0.44228
-0.442238
-0.442994
-0.444471
-0.446442
-0.448585
-0.45048
-0.451715
-0.451933
-0.450879
-0.448434
-0.444628
-0.439596
-0.433644
-0.427178
-0.420735
-0.414968
-0.41061
-0.40833
-0.408624
-0.411522
-0.416561
-0.422924
-0.429744
-0.436315
-0.442214
-0.44724
-0.451383
-0.45471
-0.457303
-0.45925
-0.460604
-0.461403
-0.461671
-0.461418
-0.460641
-0.459317
-0.457428
-0.454973
-0.451956
-0.448411
-0.444391
-0.440055
-0.435603
-0.431316
-0.427569
-0.424735
-0.423128
-0.42294
-0.424189
-0.426705
-0.430138
-0.434067
-0.438055
-0.441708
-0.444723
-0.446932
-0.448252
-0.448723
-0.448462
-0.447594
-0.446218
-0.444305
-0.441741
-0.43828
-0.433715
-0.427914
-0.420957
-0.41323
-0.405458
-0.39865
-0.393833
-0.391794
-0.392805
-0.396554
-0.40231
-0.409184
-0.416407
-0.423359
-0.429602
-0.43487
-0.439016
-0.44201
-0.443897
-0.444758
-0.44473
-0.443966
-0.442588
