1.72943
1.7209
1.71264
1.70532
1.69959
1.69586
1.69439
1.69531
1.69879
1.70483
1.71309
1.72269
1.73247
1.74134
1.74854
1.75371
1.75681
1.75795
1.75725
1.75476
1.75047
1.74436
1.73664
1.72804
1.72005
1.71475
1.71402
1.71852
1.72719
1.73789
1.74853
1.75773
1.76495
1.77022
1.77385
1.77624
1.77773
1.77861
1.77905
1.77913
1.77885
1.7781
1.77676
1.77467
1.77175
1.76801
1.76362
1.75893
1.7544
1.75048
1.74745
1.74535
1.74397
1.74302
1.74221
1.74145
1.74079
1.74037
1.74036
1.74079
1.7416
1.74268
1.74394
1.74535
1.74694
1.74875
1.75077
1.75295
1.75516
1.7573
1.7593
1.76118
1.76307
1.76513
1.76756
1.77047
1.77388
1.77774
1.78196
1.78642
1.79102
1.79562
1.80011
1.80436
1.80822
1.81155
1.81419
1.81596
1.81665
1.816
1.81373
1.80949
1.80303
1.79428
1.78357
1.77185
1.76074
1.75229
1.74829
1.74947
1.75521
1.76379
1.77322
1.7819
1.7889
1.79397
1.79738
1.79973
1.80172
1.80401
1.80707
1.81105
1.81582
1.82104
1.82629
1.83122
1.83556
1.83915
1.84191
1.84385
1.84496
1.84527
1.84482
1.84362
1.8417
1.83913
1.83598
1.83237
1.82844
1.82435
1.82028
1.81637
1.8128
1.80968
1.80706
1.80485
1.80288
1.80088
1.79869
1.79633
1.79407
1.79233
1.79163
1.7924
1.79489
1.79912
1.80483
1.81156
1.81869
1.82564
1.83189
1.83709
1.84103
1.84363
1.8449
1.84491
1.84376
1.84155
1.83843
1.83457
1.8302
1.82562
1.82116
1.81716
1.81388
1.81147
1.80994
1.80915
1.8089
1.80895
1.80911
1.80925
1.80928
1.80913
1.8088
1.8083
1.80766
1.80696
1.80631
1.80585
1.80573
1.80608
1.80697
1.80842
1.81037
1.81268
1.81516
1.81759
1.8198
1.82163
1.82299
1.82384
1.82416
1.82397
1.82331
1.82217
1.82057
1.81852
1.81609
1.81341
1.81076
1.80852
1.80712
1.80693
1.80807
1.81033
1.81325
1.81619
1.8185
1.81962
1.81914
1.8168
1.81253
1.80651
1.79927
1.79177
1.7853
1.78112
1.78001
1.7819
1.78598
1.79106
1.79607
1.80024
1.80314
1.80467
1.8049
1.80407
1.80248
1.80044
1.79823
1.79597
1.79366
1.79122
1.78854
1.78557
1.78239
1.77917
1.77619
1.77376
1.77218
1.77168
1.77234
1.77403
1.77643
1.77909
1.78159
1.78371
1.78546
1.78711
1.78901
1.79138
1.79424
1.79735
1.80031
1.80276
1.80442
1.80515
1.80495
1.80389
1.80209
1.79973
1.79698
1.79407
1.79121
1.78861
1.78646
1.78486
1.78385
1.78335
1.78324
1.78333
1.78342
1.78333
1.78292
1.78209
1.78081
1.77908
1.77694
1.77449
1.77183
1.76909
1.7664
1.7639
1.76167
1.75979
1.75828
1.75711
1.75619
1.75541
1.75465
1.75378
1.75268
1.75129
1.74958
1.74755
1.74527
1.74284
1.74036
1.73797
1.73577
1.73386
1.7323
1.73112
1.73033
1.7299
1.72982
1.73006
1.73057
1.73131
1.73225
1.73333
1.73451
1.73573
1.73695
1.73813
1.73922
1.74021
1.74106
1.74175
1.74229
1.74267
1.74288
1.74294
1.74284
1.74261
1.74227
1.74185
1.7414
1.741
1.7407
1.74061
1.74078
1.74126
1.74206
1.74311
1.74429
1.74544
1.74633
1.74674
1.74644
1.74523
1.74297
1.73962
1.73528
1.73026
1.72508
1.72044
1.71712
1.71574
1.71662
1.71963
1.72427
1.72981
1.7355
1.74073
1.74509
1.74837
1.75048
1.75144
1.75134
1.75028
1.74839
1.74586
1.74288
1.73974
1.73673
1.73422
1.73252
1.7319
1.73248
1.73422
1.73693
1.7403
1.74395
1.74756
1.75086
1.75365
1.75585
1.75743
1.75842
1.75887
1.75886
1.75849
1.75783
1.75699
1.75605
1.75508
1.75415
1.75329
1.75251
1.75176
1.75098
1.75005
1.74882
1.74713
1.74482
1.74181
1.7381
1.73385
1.72941
1.72522
1.72175
1.71928
1.7178
1.71695
1.71618
1.71487
1.71262
1.70937
1.70548
1.70171
1.69898
1.69807
1.69921
1.70205
1.70583
1.70987
1.71381
1.71769
1.72183
1.72648
1.73172
1.73735
1.74302
1.74837
1.75315
1.75727
1.76073
1.76364
1.76611
1.76826
1.77016
1.77183
1.77329
1.7745
1.77542
1.77601
1.77621
1.776
1.77533
1.7742
1.77259
1.77051
1.76799
1.76509
1.76188
1.75847
1.755
1.75158
1.74836
1.74541
1.74283
1.74074
1.7393
1.73878
1.73947
1.74157
1.74502
1.74943
1.75411
1.75827
1.76117
1.76222
1.7611
1.75771
1.75216
1.74478
1.73613
1.72693
1.71804
1.71029
1.70434
1.70055
1.69888
1.69896
1.7002
1.70196
1.70375
1.70529
1.70662
1.70804
1.70999
1.71281
1.71655
1.72096
1.72554
1.72974
1.73311
1.73538
1.73644
1.73633
1.73518
1.73316
1.7305
1.72743
1.72419
1.72101
1.71806
1.71547
1.71326
1.71142
1.70988
1.70852
1.70725
1.70597
1.70461
1.70308
1.70134
1.69934
1.69707
1.69456
1.6919
1.68922
1.68674
1.68471
1.68334
1.68278
1.68305
1.68404
1.68553
1.68726
1.68899
1.69051
1.69171
1.69253
1.69299
1.69311
1.69298
1.69265
1.6922
1.69169
1.69117
1.69066
1.6902
1.68977
1.68936
1.68897
1.68856
1.68811
1.6876
1.68701
1.68631
1.6855
1.68455
1.68344
1.68217
1.68072
1.67908
1.67729
1.67537
1.67342
1.67153
1.66987
1.66857
1.66777
1.66755
1.66793
1.66885
1.67019
1.67181
1.67357
1.67536
1.67709
1.67873
1.68028
1.68179
1.68329
1.68485
1.6865
1.68827
1.69014
1.69206
1.69396
1.69575
1.69736
1.69873
1.69981
1.7006
1.70105
1.70111
1.70062
1.69938
1.69708
1.69344
1.6883
1.68175
1.67432
1.66692
1.66066
1.6565
1.65488
1.65574
1.65864
1.66304
1.66844
1.67436
1.68035
1.68598
1.69089
1.69486
1.69777
1.69966
1.70061
1.70078
1.70033
1.69945
1.69828
1.69696
1.69562
1.69436
1.69324
1.69232
1.69162
1.69112
1.69079
1.69055
1.69033
1.69007
1.68972
1.68929
1.68883
1.68845
1.68828
1.68849
1.68917
1.69036
1.69202
1.69401
1.69616
1.69828
1.7002
1.70179
1.70299
1.70376
1.70412
1.70413
1.70389
1.70354
1.70323
1.70314
1.70342
1.70416
1.70542
1.70715
1.70922
1.71147
1.71368
1.71565
1.71721
1.71823
1.71864
1.71846
1.71779
1.71681
1.71575
1.71486
1.71439
1.71448
1.7152
1.71648
1.71816
1.72002
1.72182
1.72336
1.72452
1.7252
1.72537
1.72501
1.72409
1.72253
1.72024
1.71711
1.71313
1.70838
1.70308
1.69751
1.69198
1.68677
1.68213
1.67836
1.67576
1.67463
1.675
1.67672
1.67943
1.68278
1.68644
1.69015
1.69367
1.69677
1.69928
1.70112
1.70239
1.70332
1.70423
1.70549
1.70734
1.70987
1.713
1.71647
1.72001
1.72332
1.72619
1.7285
1.7302
1.73128
1.73178
1.73175
1.73122
1.73023
1.72877
1.72685
1.72443
1.72147
1.71793
1.71379
1.70906
1.7038
1.69815
1.69233
1.68665
1.68147
1.67714
1.67398
1.67219
1.67186
1.67292
1.67522
1.67852
1.6825
1.68683
1.69117
1.69524
1.69879
1.70169
1.70387
1.70533
1.70611
1.7063
1.70599
1.7053
1.70434
1.70322
1.70204
1.70087
1.69978
1.69878
1.69789
1.69707
1.69628
1.69547
1.69459
1.69358
1.69243
1.69111
1.68962
1.68794
1.68606
1.68396
1.68162
1.67906
1.67635
1.67367
1.67125
1.6694
1.66838
1.66836
1.66936
1.67125
1.6738
1.67676
1.67988
1.68297
1.68587
1.68846
1.69067
1.69247
1.69385
1.69482
1.69542
1.69567
1.69558
1.69512
1.69422
1.69274
1.6905
1.68735
1.68319
1.67816
1.67265
1.66746
1.66356
1.66187
1.6628
1.66609
1.67097
1.67648
1.68185
1.6866
1.69061
1.69393
1.69669
1.69908
1.70118
1.70308
1.70477
1.70623
1.70739
1.7082
1.7086
1.70856
1.70808
1.70717
1.70586
1.70423
1.70236
1.70033
1.69817
1.69589
1.6934
1.69051
1.68702
1.68273
1.67761
1.67191
1.66614
1.66101
1.65728
1.65558
1.65638
1.65988
1.6659
1.67375
1.68234
1.6905
1.69728
1.70214
1.7049
1.70566
1.70472
1.7025
1.69956
1.69652
1.69408
1.69284
1.69315
1.69506
1.6983
1.7024
1.70684
1.71122
1.71525
1.71882
1.72188
1.72448
1.7267
1.7286
1.73029
1.73184
1.73331
1.73475
1.73617
1.73757
1.73892
1.74016
1.74123
1.74203
1.74247
1.74243
1.74179
1.74041
1.73816
1.73491
1.73055
1.72504
1.71847
1.71109
1.7034
1.69617
1.6903
1.68659
1.68556
1.68719
1.691
1.69626
1.70223
1.70835
1.71427
1.71984
1.72505
1.72991
1.73442
1.73853
1.74219
1.7453
1.74778
1.74959
1.75068
1.75107
1.7508
1.74991
1.74849
1.74662
1.7444
1.74197
1.73941
1.73687
1.73443
1.73221
1.73033
1.7289
1.72806
1.72795
1.72862
1.73003
1.73197
1.73412
1.73606
1.73738
1.73771
1.73678
1.73448
1.73079
1.72587
1.71999
1.71355
1.70708
1.70122
1.69667
1.69417
1.69419
1.69684
1.70169
1.70797
1.71478
1.7214
1.72737
1.73249
1.73673
1.74013
1.7428
1.7448
1.74621
1.74707
1.7474
1.7472
1.74647
1.74519
1.74336
1.74096
1.738
1.7345
1.73052
1.7262
1.72174
1.71742
1.71359
1.71064
1.7089
1.70857
1.70968
1.71208
1.71544
1.71934
1.72334
1.72703
1.73013
1.73242
1.73383
1.73439
1.7342
1.7334
1.73207
1.73022
1.72772
1.72437
1.71992
1.71424
1.70739
1.69971
1.69191
1.68495
1.67988
1.67755
1.67825
1.68175
1.68733
1.69414
1.70136
1.70836
1.71468
1.72006
1.72432
1.72743
1.72942
1.73037
1.73043
1.72972
1.72839
