0.0578068
0.0596816
0.0614201
0.0628736
0.0639105
0.0644379
0.0644076
0.0637912
0.0625692
0.0607594
0.0584638
0.0558782
0.05325
0.0508097
0.0487161
0.0470502
0.0458333
0.0450538
0.044693
0.0447408
0.0451917
0.0460285
0.0471803
0.0484696
0.0495766
0.0500853
0.0496523
0.0481941
0.0459492
0.0433466
0.0407942
0.0385622
0.0367627
0.0354021
0.0344338
0.0337928
0.0334158
0.0332547
0.0332747
0.0334606
0.0338139
0.0343459
0.0350789
0.0360315
0.037209
0.0385915
0.0401301
0.0417383
0.0433156
0.0447649
0.0460266
0.047093
0.0480001
0.0488023
0.0495451
0.0502446
0.0508847
0.0514366
0.0518737
0.0521883
0.0523947
0.0525117
0.0525579
0.0525369
0.0524448
0.0522781
0.0520397
0.0517471
0.0514219
0.0510891
0.0507613
0.0504338
0.050084
0.0496795
0.0491911
0.0485999
0.0479088
0.0471335
0.0462992
0.0454343
0.0445679
0.0437305
0.042957
0.0422776
0.0417284
0.0413441
0.0411604
0.0412175
0.0415561
0.0422289
0.0432884
0.044787
0.0467564
0.0491824
0.0519631
0.054873
0.0575619
0.0596212
0.0607144
0.060724
0.0598011
0.0582896
0.0565791
0.0549822
0.0536761
0.0527104
0.0520328
0.0515346
0.0510834
0.0505542
0.0498693
0.049008
0.0480051
0.0469341
0.0458832
0.0449287
0.0441293
0.0435236
0.043131
0.042958
0.0430047
0.0432695
0.0437454
0.0444239
0.0452948
0.0463407
0.0475362
0.0488513
0.0502486
0.0516881
0.0531239
0.0545166
0.0558275
0.0570264
0.0580989
0.0590551
0.0599247
0.0607452
0.0615355
0.0622762
0.0629006
0.0633137
0.0634116
0.0631097
0.0623641
0.0611841
0.0596314
0.0578151
0.05587
0.05393
0.0521063
0.0504868
0.0491251
0.0480456
0.0472546
0.0467446
0.0465002
0.0464974
0.0467051
0.0470806
0.0475704
0.0481067
0.0486147
0.049023
0.0492768
0.0493443
0.0492258
0.048947
0.0485494
0.0480789
0.0475741
0.0470646
0.0465696
0.0461042
0.0456718
0.0452724
0.044899
0.0445354
0.0441606
0.0437484
0.0432715
0.0427075
0.0420445
0.0412845
0.0404466
0.0395666
0.0386863
0.0378538
0.0371104
0.0364907
0.0360151
0.0356953
0.035535
0.0355309
0.0356785
0.0359731
0.0364101
0.0369808
0.0376645
0.0384232
0.0391948
0.0398968
0.0404424
0.0407668
0.0408548
0.0407537
0.0405675
0.0404266
0.040462
0.0407824
0.0414683
0.0425634
0.0440689
0.0459274
0.0480105
0.0501082
0.0519525
0.053297
0.0540022
0.054098
0.0537527
0.053198
0.0526494
0.0522565
0.0521041
0.052218
0.0525843
0.0531569
0.0538732
0.0546687
0.05549
0.056308
0.057115
0.0579227
0.0587416
0.0595673
0.0603771
0.0611229
0.0617456
0.0621767
0.0623563
0.0622402
0.061818
0.0611218
0.0602232
0.0592145
0.0581804
0.0571682
0.0561741
0.0551542
0.0540514
0.0528328
0.051515
0.0501549
0.0488363
0.0476379
0.0466167
0.0458022
0.0451976
0.0447882
0.0445469
0.0444397
0.0444232
0.0444531
0.0444783
0.0444558
0.0443471
0.0441293
0.0437987
0.0433686
0.0428704
0.0423443
0.0418317
0.0413692
0.0409892
0.040711
0.0405451
0.0404882
0.0405316
0.0406564
0.0408389
0.0410493
0.0412605
0.0414456
0.0415838
0.0416612
0.0416747
0.0416321
0.0415516
0.0414547
0.0413696
0.0413218
0.0413323
0.0414166
0.0415782
0.0418126
0.042105
0.0424343
0.0427739
0.0430944
0.0433731
0.0435876
0.0437242
0.0437759
0.0437403
0.0436198
0.0434169
0.0431399
0.0427975
0.0424
0.0419589
0.041486
0.0409946
0.0404975
0.0400068
0.039535
0.0390907
0.0386837
0.0383206
0.038008
0.0377469
0.0375407
0.0373901
0.0372948
0.0372516
0.0372588
0.0373088
0.0373948
0.0375029
0.0376205
0.0377311
0.0378191
0.0378696
0.037875
0.0378399
0.0377783
0.0377174
0.0376946
0.0377528
0.0379394
0.0382976
0.0388606
0.0396471
0.0406551
0.0418473
0.0431438
0.0444244
0.0455348
0.046319
0.0466502
0.0464751
0.0458272
0.0448179
0.0435996
0.0423291
0.0411344
0.0401064
0.0392976
0.0387325
0.0384131
0.0383294
0.0384584
0.0387712
0.0392301
0.0397856
0.0403792
0.0409393
0.0413923
0.0416699
0.0417227
0.0415284
0.0410986
0.04048
0.0397401
0.0389559
0.0381996
0.0375333
0.0369981
0.0366181
0.0364016
0.0363479
0.0364472
0.0366855
0.0370444
0.0375076
0.038053
0.0386625
0.039319
0.0400084
0.0407223
0.0414583
0.0422214
0.0430251
0.043889
0.0448403
0.045906
0.0471083
0.048455
0.049931
0.0514895
0.0530557
0.0545292
0.0558166
0.0568628
0.0576722
0.0583146
0.0588998
0.0595356
0.0602885
0.061157
0.0620532
0.0628217
0.0632785
0.0632843
0.0628048
0.0619241
0.0607877
0.0595316
0.0582233
0.0568591
0.0553934
0.0537913
0.0520567
0.0502448
0.0484335
0.0467005
0.0451027
0.0436672
0.0423956
0.0412778
0.0402956
0.0394343
0.0386843
0.0380421
0.0375137
0.0371061
0.0368287
0.0366935
0.0367082
0.0368802
0.0372134
0.03771
0.0383674
0.0391779
0.0401288
0.0412018
0.0423721
0.043609
0.0448775
0.0461403
0.0473644
0.0485211
0.0495819
0.0505155
0.0512797
0.0518184
0.0520771
0.0520273
0.0516943
0.0511755
0.0506155
0.0501833
0.0500295
0.0502656
0.0509568
0.0521152
0.0537024
0.0556358
0.0577847
0.059982
0.0620386
0.063776
0.0650532
0.0657988
0.0660188
0.0657871
0.0652223
0.0644462
0.063563
0.0626252
0.0616303
0.0605254
0.0592427
0.0577337
0.0560086
0.0541375
0.0522339
0.0504166
0.0487823
0.0473943
0.0462775
0.0454312
0.0448338
0.0444479
0.0442321
0.0441361
0.044108
0.0441013
0.0440774
0.0440117
0.0438943
0.0437263
0.0435231
0.0433022
0.0430843
0.0428864
0.042723
0.0426071
0.0425476
0.0425496
0.0426118
0.042725
0.0428663
0.043001
0.0430831
0.0430621
0.0428944
0.0425536
0.0420409
0.0413833
0.0406265
0.0398288
0.0390412
0.0383066
0.0376527
0.0370933
0.0366324
0.0362634
0.0359759
0.0357552
0.0355894
0.0354666
0.0353783
0.0353182
0.0352836
0.0352727
0.0352892
0.0353358
0.0354163
0.0355356
0.0356969
0.0359056
0.036164
0.0364733
0.0368369
0.0372533
0.0377259
0.0382515
0.0388272
0.0394431
0.0400855
0.0407323
0.0413551
0.0419214
0.0423971
0.0427546
0.042977
0.0430609
0.0430187
0.0428753
0.0426597
0.0424022
0.0421277
0.041854
0.0415924
0.0413437
0.0411042
0.040866
0.0406235
0.0403698
0.0401083
0.0398447
0.0395948
0.0393753
0.0392067
0.0391084
0.039093
0.0391702
0.0393476
0.0396327
0.0400412
0.0406008
0.041354
0.0423508
0.0436364
0.045221
0.0470595
0.0490234
0.050913
0.0524968
0.0535894
0.0541033
0.0540596
0.0535454
0.052669
0.0515419
0.0502701
0.0489585
0.0477054
0.0465908
0.0456704
0.0449698
0.0444931
0.0442204
0.0441239
0.0441716
0.0443263
0.0445544
0.044825
0.0451109
0.0453854
0.045633
0.0458388
0.0459984
0.0461127
0.0461897
0.0462396
0.0462786
0.0463173
0.0463632
0.0464144
0.0464578
0.0464735
0.0464335
0.0463107
0.0460865
0.0457589
0.0453418
0.0448648
0.0443673
0.04389
0.043468
0.0431265
0.0428825
0.0427432
0.0427025
0.0427473
0.0428544
0.0429961
0.0431367
0.0432419
0.0432832
0.0432388
0.0431045
0.0428914
0.0426268
0.0423492
0.0421029
0.0419292
0.0418669
0.0419403
0.0421588
0.0425165
0.0429916
0.0435434
0.0441225
0.0446763
0.045155
0.045528
0.0457864
0.0459431
0.0460345
0.046104
0.0462012
0.0463668
0.0466288
0.0470035
0.0475004
0.0481244
0.0488823
0.0497857
0.05085
0.0520855
0.0534873
0.0550241
0.0566421
0.0582696
0.0598335
0.0612694
0.0625109
0.0634893
0.0641309
0.0643842
0.0642386
0.0637352
0.0629446
0.0619412
0.0607969
0.0595704
0.0583236
0.0571054
0.0559572
0.0548938
0.0539028
0.05294
0.0519456
0.0508589
0.0496399
0.0482817
0.0468123
0.0452886
0.0437783
0.0423434
0.0410343
0.039881
0.0388998
0.0380979
0.0374727
0.0370179
0.0367303
0.0366042
0.036637
0.0368295
0.0371856
0.0377058
0.0383948
0.0392464
0.0402488
0.0413767
0.0425893
0.0438279
0.0450201
0.0460821
0.0469328
0.0475068
0.0477613
0.0476799
0.0472768
0.0465881
0.045672
0.0445965
0.0434386
0.0422735
0.04117
0.0401788
0.0393378
0.0386642
0.0381651
0.0378323
0.0376518
0.0376051
0.0376681
0.0378181
0.0380308
0.038285
0.0385628
0.0388522
0.0391458
0.0394424
0.0397442
0.0400599
0.0403987
0.0407676
0.0411762
0.0416266
0.0421198
0.0426556
0.0432338
0.0438547
0.0445168
0.0452172
0.0459448
0.0466781
0.0473754
0.0479806
0.0484326
0.0486773
0.0486851
0.0484553
0.0480177
0.0474212
0.0467208
0.0459708
0.0452177
0.0444967
0.0438382
0.0432612
0.0427784
0.0423956
0.0421139
0.0419285
0.0418377
0.0418416
0.0419486
0.0421709
0.0425332
0.0430649
0.0437873
0.044702
0.0457687
0.0468826
0.0478748
0.0485437
0.0487189
0.0483315
0.0474455
0.0462222
0.044855
0.0435004
0.0422524
0.0411475
0.0401857
0.0393481
0.0386125
0.0379653
0.0373996
0.0369193
0.0365365
0.0362628
0.0361128
0.0360973
0.0362232
0.03649
0.0368925
0.0374198
0.0380574
0.0387848
0.0395829
0.0404406
0.0413541
0.0423406
0.0434259
0.0446436
0.0460145
0.0475248
0.0491082
0.0506438
0.051978
0.0529531
0.05344
0.0533527
0.0526599
0.0514194
0.049785
0.0479875
0.0462677
0.0448171
0.0437491
0.0431019
0.0428557
0.0429521
0.0433006
0.043786
0.0442715
0.044619
0.0447086
0.0444717
0.0439059
0.0430709
0.0420649
0.0409909
0.0399348
0.0389559
0.0380872
0.037341
0.0367145
0.036199
0.0357816
0.0354492
0.0351887
0.03499
0.0348473
0.0347582
0.0347267
0.0347593
0.03487
0.035074
0.035388
0.0358346
0.0364341
0.0372086
0.0381815
0.0393736
0.0407999
0.0424697
0.0443724
0.0464713
0.0486898
0.050901
0.0529367
0.0546036
0.0557349
0.0562361
0.0561144
0.0554707
0.0544523
0.0532075
0.0518564
0.050473
0.0490975
0.0477498
0.0464405
0.0451831
0.0439959
0.0429058
0.0419369
0.0411128
0.0404498
0.0399575
0.0396382
0.0394843
0.0394838
0.0396196
0.0398702
0.0402104
0.0406123
0.0410457
0.0414838
0.0418991
0.0422655
0.0425568
0.0427454
0.0428044
0.0427131
0.0424637
0.0420768
0.041603
0.0411151
0.0407027
0.0404529
0.0404403
0.0407157
0.0413012
0.0421863
0.0433335
0.0446716
0.0461047
0.0475115
0.0487491
0.0496624
0.0501109
0.049999
0.0493234
0.0481803
0.0467366
0.0451731
0.0436418
0.0422422
0.0410282
0.0400174
0.0392089
0.0385957
0.0381677
0.0379181
0.0378419
0.0379352
0.0381959
0.0386226
0.0392152
0.0399717
0.0408865
0.0419506
0.0431478
0.0444546
0.0458301
0.0472209
0.0485589
0.0497609
0.0507452
0.051443
0.0518135
0.0518535
0.0515998
0.0511244
0.050517
0.0498717
0.0492743
0.0487925
0.0484688
0.0483246
0.0483571
0.0485474
0.0488717
0.0493113
0.0498667
0.0505552
0.0514121
0.0524658
0.053725
0.0551537
0.0566561
0.0580712
0.0591883
0.0597955
0.0597351
0.0589551
0.0575209
0.0555838
0.0533295
0.0509297
0.0485276
0.0462317
0.0441165
0.0422298
0.0405946
0.0392157
0.0380858
0.0371857
0.0364905
0.0359756
