1.15295
1.14727
1.14176
1.13688
1.13306
1.13058
1.12959
1.13021
1.13252
1.13655
1.14206
1.14846
1.15498
1.16089
1.16569
1.16914
1.17121
1.17197
1.1715
1.16984
1.16698
1.16291
1.15776
1.15203
1.1467
1.14316
1.14268
1.14568
1.15146
1.1586
1.16569
1.17182
1.17663
1.18015
1.18257
1.18416
1.18515
1.18574
1.18603
1.18609
1.1859
1.1854
1.18451
1.18312
1.18117
1.17867
1.17575
1.17262
1.1696
1.16699
1.16497
1.16356
1.16265
1.16201
1.16147
1.16097
1.16052
1.16025
1.16024
1.16053
1.16107
1.16179
1.16263
1.16357
1.16463
1.16583
1.16718
1.16863
1.17011
1.17153
1.17287
1.17412
1.17538
1.17676
1.17838
1.18031
1.18258
1.18516
1.18797
1.19095
1.19401
1.19708
1.20008
1.20291
1.20548
1.2077
1.20946
1.21064
1.2111
1.21067
1.20915
1.20633
1.20202
1.19619
1.18905
1.18123
1.17383
1.1682
1.16553
1.16632
1.17014
1.17586
1.18215
1.18793
1.1926
1.19598
1.19826
1.19982
1.20115
1.20268
1.20472
1.20737
1.21055
1.21402
1.21753
1.22082
1.22371
1.2261
1.22794
1.22923
1.22997
1.23018
1.22988
1.22908
1.2278
1.22609
1.22399
1.22158
1.21896
1.21623
1.21352
1.21092
1.20854
1.20645
1.2047
1.20324
1.20192
1.20059
1.19913
1.19756
1.19604
1.19489
1.19442
1.19493
1.19659
1.19941
1.20322
1.2077
1.21246
1.21709
1.22126
1.22473
1.22735
1.22908
1.22993
1.22994
1.22917
1.2277
1.22562
1.22304
1.22013
1.21708
1.21411
1.21144
1.20925
1.20765
1.20663
1.2061
1.20593
1.20596
1.20607
1.20617
1.20618
1.20609
1.20587
1.20553
1.2051
1.20464
1.20421
1.2039
1.20382
1.20405
1.20465
1.20561
1.20691
1.20845
1.2101
1.21173
1.2132
1.21442
1.21533
1.21589
1.2161
1.21598
1.21554
1.21478
1.21371
1.21235
1.21073
1.20894
1.20717
1.20568
1.20475
1.20462
1.20538
1.20689
1.20884
1.21079
1.21233
1.21308
1.21276
1.2112
1.20835
1.20434
1.19951
1.19451
1.1902
1.18742
1.18667
1.18794
1.19065
1.19404
1.19738
1.20016
1.2021
1.20311
1.20327
1.20271
1.20165
1.2003
1.19882
1.19731
1.19577
1.19415
1.19236
1.19038
1.18826
1.18611
1.18413
1.18251
1.18145
1.18112
1.18156
1.18268
1.18428
1.18606
1.18773
1.18914
1.19031
1.19141
1.19267
1.19426
1.19616
1.19823
1.20021
1.20184
1.20295
1.20344
1.2033
1.20259
1.2014
1.19982
1.19799
1.19605
1.19414
1.19241
1.19097
1.18991
1.18923
1.1889
1.18883
1.18889
1.18895
1.18889
1.18861
1.18806
1.18721
1.18605
1.18463
1.18299
1.18122
1.17939
1.1776
1.17593
1.17445
1.17319
1.17219
1.1714
1.17079
1.17027
1.16977
1.16918
1.16845
1.16753
1.16638
1.16503
1.16351
1.16189
1.16024
1.15865
1.15718
1.15591
1.15487
1.15408
1.15355
1.15327
1.15321
1.15337
1.15371
1.15421
1.15484
1.15556
1.15634
1.15715
1.15797
1.15875
1.15948
1.16014
1.1607
1.16117
1.16153
1.16178
1.16192
1.16196
1.16189
1.16174
1.16151
1.16123
1.16094
1.16066
1.16047
1.1604
1.16052
1.16084
1.16137
1.16207
1.16286
1.16362
1.16422
1.16449
1.16429
1.16348
1.16198
1.15974
1.15685
1.15351
1.15005
1.14696
1.14475
1.14383
1.14441
1.14642
1.14951
1.15321
1.157
1.16049
1.1634
1.16558
1.16698
1.16763
1.16756
1.16685
1.16559
1.1639
1.16192
1.15982
1.15782
1.15615
1.15501
1.1546
1.15498
1.15615
1.15795
1.1602
1.16264
1.16504
1.16724
1.1691
1.17057
1.17162
1.17228
1.17258
1.17257
1.17232
1.17189
1.17133
1.1707
1.17006
1.16944
1.16886
1.16834
1.16784
1.16732
1.1667
1.16588
1.16475
1.16321
1.1612
1.15873
1.1559
1.15294
1.15015
1.14783
1.14619
1.1452
1.14464
1.14412
1.14325
1.14175
1.13958
1.13699
1.13447
1.13266
1.13205
1.13281
1.1347
1.13722
1.13991
1.14254
1.14513
1.14789
1.15099
1.15448
1.15823
1.16201
1.16558
1.16877
1.17151
1.17382
1.17576
1.17741
1.17884
1.1801
1.18122
1.18219
1.183
1.18361
1.184
1.18414
1.184
1.18356
1.1828
1.18173
1.18034
1.17866
1.17672
1.17458
1.17231
1.17
1.16772
1.16557
1.16361
1.16189
1.16049
1.15953
1.15918
1.15965
1.16105
1.16335
1.16628
1.16941
1.17218
1.17411
1.17481
1.17407
1.17181
1.1681
1.16319
1.15742
1.15129
1.14536
1.14019
1.13623
1.1337
1.13259
1.13264
1.13346
1.13464
1.13583
1.13686
1.13775
1.1387
1.14
1.14187
1.14437
1.14731
1.15036
1.15316
1.15541
1.15692
1.15763
1.15755
1.15679
1.15544
1.15367
1.15162
1.14946
1.14734
1.14537
1.14364
1.14217
1.14095
1.13992
1.13901
1.13817
1.13732
1.1364
1.13539
1.13422
1.13289
1.13138
1.12971
1.12793
1.12615
1.12449
1.12314
1.12223
1.12185
1.12204
1.12269
1.12369
1.12484
1.12599
1.127
1.1278
1.12835
1.12866
1.12874
1.12865
1.12843
1.12813
1.12779
1.12744
1.12711
1.1268
1.12651
1.12624
1.12598
1.12571
1.12541
1.12507
1.12467
1.12421
1.12367
1.12303
1.1223
1.12145
1.12048
1.11939
1.11819
1.11691
1.11561
1.11436
1.11325
1.11238
1.11185
1.1117
1.11195
1.11256
1.11346
1.11454
1.11572
1.11691
1.11806
1.11915
1.12019
1.12119
1.12219
1.12323
1.12433
1.12552
1.12676
1.12804
1.12931
1.1305
1.13157
1.13248
1.13321
1.13373
1.13403
1.13407
1.13375
1.13292
1.13139
1.12896
1.12553
1.12117
1.11621
1.11128
1.10711
1.10433
1.10326
1.10383
1.10576
1.10869
1.11229
1.11624
1.12023
1.12399
1.12726
1.12991
1.13185
1.1331
1.13374
1.13385
1.13356
1.13297
1.13219
1.13131
1.13042
1.12957
1.12883
1.12821
1.12775
1.12742
1.12719
1.12703
1.12689
1.12671
1.12648
1.12619
1.12589
1.12563
1.12552
1.12566
1.12611
1.12691
1.12801
1.12934
1.13077
1.13219
1.13347
1.13453
1.13533
1.13584
1.13608
1.13608
1.13593
1.13569
1.13549
1.13543
1.13561
1.13611
1.13695
1.1381
1.13948
1.14098
1.14245
1.14377
1.14481
1.14549
1.14576
1.14564
1.14519
1.14454
1.14383
1.14324
1.14292
1.14299
1.14347
1.14432
1.14544
1.14668
1.14788
1.14891
1.14968
1.15013
1.15024
1.15001
1.14939
1.14835
1.14682
1.14474
1.14209
1.13892
1.13538
1.13167
1.12799
1.12452
1.12142
1.1189
1.11718
1.11642
1.11667
1.11781
1.11962
1.12185
1.12429
1.12677
1.12912
1.13118
1.13285
1.13408
1.13493
1.13554
1.13616
1.13699
1.13823
1.13991
1.142
1.14432
1.14667
1.14888
1.15079
1.15233
1.15346
1.15419
1.15452
1.1545
1.15415
1.15349
1.15252
1.15123
1.14962
1.14764
1.14529
1.14253
1.13937
1.13587
1.1321
1.12822
1.12444
1.12098
1.11809
1.11599
1.1148
1.11457
1.11528
1.11682
1.11901
1.12167
1.12455
1.12745
1.13016
1.13253
1.13446
1.13592
1.13689
1.13741
1.13753
1.13733
1.13687
1.13623
1.13548
1.13469
1.13391
1.13318
1.13252
1.13193
1.13138
1.13086
1.13031
1.12972
1.12905
1.12829
1.12741
1.12641
1.1253
1.12404
1.12264
1.12108
1.11937
1.11757
1.11578
1.11417
1.11293
1.11225
1.11224
1.11291
1.11417
1.11587
1.11784
1.11992
1.12198
1.12391
1.12564
1.12712
1.12832
1.12923
1.12988
1.13028
1.13045
1.13039
1.13008
1.12948
1.12849
1.127
1.1249
1.12213
1.11877
1.1151
1.11164
1.10904
1.10791
1.10853
1.11073
1.11398
1.11766
1.12123
1.1244
1.12707
1.12928
1.13113
1.13272
1.13412
1.13539
1.13651
1.13748
1.13826
1.1388
1.13907
1.13904
1.13872
1.13811
1.13724
1.13616
1.13491
1.13355
1.13212
1.1306
1.12893
1.12701
1.12468
1.12182
1.11841
1.11461
1.11076
1.10734
1.10485
1.10372
1.10425
1.10659
1.1106
1.11583
1.12156
1.127
1.13152
1.13476
1.1366
1.13711
1.13648
1.135
1.13304
1.13102
1.12939
1.12856
1.12877
1.13004
1.1322
1.13493
1.13789
1.14081
1.1435
1.14588
1.14792
1.14966
1.15113
1.1524
1.15353
1.15456
1.15554
1.1565
1.15745
1.15838
1.15928
1.16011
1.16082
1.16136
1.16165
1.16162
1.16119
1.16027
1.15877
1.15661
1.1537
1.15003
1.14565
1.14072
1.1356
1.13078
1.12686
1.1244
1.12371
1.12479
1.12733
1.13084
1.13482
1.1389
1.14284
1.14656
1.15004
1.15327
1.15628
1.15902
1.16146
1.16353
1.16519
1.16639
1.16712
1.16738
1.1672
1.16661
1.16566
1.16441
1.16294
1.16131
1.15961
1.15791
1.15629
1.15481
1.15355
1.1526
1.15204
1.15197
1.15241
1.15335
1.15465
1.15608
1.15737
1.15825
1.15847
1.15786
1.15632
1.15386
1.15058
1.14666
1.14237
1.13806
1.13414
1.13112
1.12944
1.12946
1.13123
1.13446
1.13864
1.14318
1.1476
1.15158
1.15499
1.15782
1.16009
1.16186
1.1632
1.16414
1.16471
1.16493
1.1648
1.16431
1.16346
1.16224
1.16064
1.15867
1.15633
1.15368
1.1508
1.14782
1.14494
1.14239
1.14043
1.13926
1.13904
1.13979
1.14139
1.14363
1.14623
1.14889
1.15136
1.15342
1.15495
1.15589
1.15626
1.15613
1.1556
1.15471
1.15348
1.15182
1.14958
1.14662
1.14283
1.13826
1.13314
1.12794
1.1233
1.11992
1.11836
1.11884
1.12117
1.12489
1.12942
1.13424
1.1389
1.14312
1.1467
1.14955
1.15162
1.15294
1.15358
1.15362
1.15314
1.15226
