1.28675
1.28677
1.2867
1.28657
1.28639
1.28617
1.28593
1.28567
1.28541
1.28516
1.28498
1.28491
1.28495
1.28509
1.28528
1.28548
1.28569
1.28588
1.28606
1.28624
1.28642
1.2866
1.28673
1.28674
1.28658
1.28618
1.28566
1.28517
1.28486
1.28478
1.28487
1.28506
1.28527
1.28545
1.28559
1.2857
1.28576
1.28581
1.28585
1.28588
1.28593
1.28598
1.28604
1.28612
1.2862
1.28627
1.28633
1.28634
1.28631
1.28622
1.28612
1.28603
1.28598
1.28595
1.28594
1.28594
1.28591
1.28588
1.28583
1.28579
1.28576
1.28574
1.28572
1.2857
1.28567
1.28565
1.28563
1.28563
1.28562
1.28563
1.28563
1.28564
1.28562
1.28559
1.28555
1.28549
1.28544
1.28539
1.28537
1.28535
1.28534
1.28533
1.28536
1.28538
1.28543
1.28549
1.28556
1.28567
1.28578
1.28594
1.28612
1.28634
1.28656
1.28678
1.28694
1.28696
1.28678
1.28641
1.2859
1.2854
1.28502
1.28485
1.28485
1.28499
1.28519
1.28538
1.28551
1.28557
1.28557
1.2855
1.28541
1.28533
1.28527
1.28525
1.28528
1.28532
1.28538
1.28545
1.28554
1.28562
1.28569
1.28578
1.28586
1.28593
1.286
1.28607
1.28611
1.28615
1.28617
1.28619
1.28618
1.28616
1.28612
1.28608
1.28603
1.28601
1.28601
1.28602
1.28605
1.28606
1.28603
1.28595
1.28582
1.28565
1.28547
1.28532
1.28519
1.28511
1.2851
1.28516
1.28524
1.28535
1.28549
1.28562
1.28575
1.28587
1.28598
1.28608
1.28617
1.28623
1.28628
1.28628
1.28625
1.28617
1.28608
1.28599
1.28591
1.28584
1.2858
1.28578
1.28577
1.28578
1.28578
1.2858
1.28581
1.28582
1.28583
1.28582
1.2858
1.28578
1.28574
1.28569
1.28563
1.28557
1.28552
1.28549
1.28548
1.2855
1.28553
1.28558
1.28563
1.28568
1.28573
1.28578
1.28582
1.28586
1.2859
1.28595
1.28599
1.28601
1.28599
1.28593
1.28581
1.28568
1.28555
1.28544
1.28541
1.28544
1.28554
1.28568
1.28586
1.28605
1.28625
1.2864
1.28647
1.28644
1.28626
1.28598
1.28565
1.28538
1.28523
1.28518
1.28524
1.28535
1.28549
1.28562
1.28575
1.28584
1.2859
1.28593
1.28593
1.28594
1.28595
1.28598
1.28602
1.28605
1.28607
1.28605
1.28601
1.28593
1.28584
1.28572
1.28561
1.28552
1.28548
1.28548
1.28551
1.28556
1.28558
1.28558
1.28554
1.28548
1.28545
1.28544
1.28548
1.28556
1.28565
1.28575
1.28585
1.28593
1.28599
1.28604
1.28606
1.28607
1.28604
1.28601
1.28597
1.28591
1.28586
1.2858
1.28577
1.28576
1.28578
1.28581
1.28584
1.28589
1.28594
1.28598
1.28602
1.28606
1.28609
1.28609
1.28607
1.28604
1.28601
1.28597
1.28593
1.2859
1.28589
1.28588
1.28589
1.28591
1.28592
1.28596
1.28599
1.28602
1.28604
1.28605
1.28605
1.28603
1.28601
1.28598
1.28593
1.2859
1.28587
1.28585
1.28582
1.28579
1.28577
1.28575
1.28573
1.28572
1.28571
1.28571
1.28571
1.28573
1.28573
1.28574
1.28575
1.28578
1.28579
1.2858
1.28581
1.28583
1.28584
1.28586
1.28587
1.28589
1.28588
1.28586
1.28585
1.28583
1.2858
1.28577
1.28574
1.28572
1.28572
1.28573
1.28577
1.28583
1.28592
1.28602
1.28612
1.28623
1.28633
1.28637
1.28635
1.28625
1.28608
1.28587
1.28564
1.28545
1.28533
1.28528
1.2853
1.28537
1.28547
1.28558
1.28569
1.2858
1.28591
1.28599
1.28606
1.28611
1.28613
1.28614
1.28611
1.28604
1.28593
1.28581
1.28568
1.28557
1.2855
1.28546
1.28545
1.28546
1.2855
1.28556
1.28563
1.28569
1.28575
1.2858
1.28584
1.28586
1.28589
1.28591
1.28591
1.28591
1.2859
1.28589
1.28589
1.28589
1.28591
1.28592
1.28596
1.28601
1.28609
1.28616
1.28623
1.28625
1.28625
1.28619
1.2861
1.286
1.28592
1.28587
1.2859
1.28598
1.28608
1.28617
1.28619
1.28613
1.28599
1.28579
1.28559
1.28547
1.28541
1.28541
1.28542
1.28541
1.28536
1.28531
1.28525
1.28524
1.28525
1.2853
1.28536
1.28543
1.28549
1.28554
1.28557
1.2856
1.28562
1.28563
1.28565
1.28568
1.2857
1.28574
1.28579
1.28583
1.28587
1.28592
1.28597
1.28602
1.28606
1.28609
1.28611
1.28612
1.28612
1.28611
1.28608
1.28605
1.286
1.28594
1.28586
1.28575
1.28562
1.28548
1.28535
1.28529
1.28531
1.28542
1.28558
1.28578
1.28601
1.28623
1.28643
1.28658
1.28667
1.28669
1.2866
1.28645
1.28624
1.28602
1.28583
1.28568
1.2856
1.28557
1.28559
1.28562
1.28563
1.28559
1.28552
1.28542
1.28534
1.28529
1.2853
1.28536
1.28546
1.28558
1.2857
1.28581
1.28591
1.28598
1.28603
1.28607
1.28607
1.28606
1.28604
1.28601
1.28599
1.28595
1.28593
1.28592
1.28592
1.28594
1.28595
1.28597
1.28599
1.28601
1.28603
1.28605
1.28606
1.28605
1.28602
1.28596
1.28589
1.2858
1.28572
1.28567
1.28562
1.28562
1.28563
1.28565
1.28567
1.2857
1.28573
1.28576
1.28579
1.28581
1.28581
1.28581
1.28581
1.28581
1.28581
1.2858
1.28581
1.28582
1.28582
1.28583
1.28583
1.28584
1.28586
1.28587
1.28589
1.2859
1.28592
1.28594
1.28596
1.28598
1.28599
1.28599
1.28597
1.28594
1.28589
1.28583
1.28578
1.28572
1.28567
1.28564
1.28562
1.28561
1.28561
1.28561
1.28562
1.28562
1.28563
1.28562
1.28562
1.2856
1.28559
1.28558
1.28558
1.28558
1.2856
1.28563
1.28566
1.28568
1.28572
1.28575
1.28579
1.28585
1.28593
1.28606
1.28621
1.28636
1.28648
1.28651
1.28645
1.28628
1.28605
1.28579
1.28557
1.2854
1.28527
1.2852
1.28517
1.28518
1.28524
1.28533
1.28544
1.28554
1.28566
1.28575
1.28581
1.28586
1.2859
1.28591
1.28592
1.28593
1.28591
1.2859
1.28587
1.28585
1.28583
1.28582
1.28581
1.28583
1.28584
1.28585
1.28586
1.28585
1.28583
1.2858
1.28576
1.2857
1.28565
1.28561
1.28558
1.28557
1.28558
1.28561
1.28565
1.28569
1.28574
1.28578
1.28581
1.28582
1.28583
1.28581
1.28578
1.28574
1.28569
1.28564
1.2856
1.28557
1.28556
1.28558
1.2856
1.28566
1.28572
1.28578
1.28582
1.28586
1.28587
1.28585
1.28583
1.28577
1.28571
1.28566
1.2856
1.28558
1.28556
1.28557
1.28561
1.28566
1.2857
1.28576
1.28582
1.28589
1.28596
1.28604
1.28613
1.28622
1.28628
1.28632
1.28632
1.28629
1.28626
1.28618
1.28608
1.28594
1.28579
1.28564
1.28552
1.28545
1.2854
1.28539
1.28539
1.28544
1.28549
1.28556
1.28563
1.28568
1.28569
1.28567
1.28562
1.28555
1.2855
1.28545
1.28543
1.28544
1.28547
1.28554
1.2856
1.28565
1.28571
1.28577
1.28581
1.28587
1.28592
1.28597
1.28601
1.28607
1.28611
1.28618
1.28625
1.28631
1.28636
1.28638
1.28638
1.28635
1.28628
1.28617
1.28603
1.28589
1.28574
1.28561
1.28549
1.28541
1.28536
1.28534
1.28535
1.2854
1.28545
1.28553
1.2856
1.28567
1.28573
1.28578
1.28583
1.28586
1.28589
1.2859
1.2859
1.28588
1.28587
1.28585
1.28585
1.28584
1.28584
1.28585
1.28585
1.28587
1.28589
1.28591
1.28593
1.28595
1.28597
1.286
1.28602
1.28603
1.28604
1.28602
1.28597
1.2859
1.2858
1.2857
1.28561
1.28554
1.28549
1.28546
1.28545
1.28547
1.28549
1.28553
1.28557
1.28561
1.28565
1.2857
1.28572
1.28575
1.28579
1.28584
1.28589
1.28595
1.28604
1.28613
1.28622
1.28629
1.28631
1.28622
1.28603
1.28578
1.28552
1.28532
1.2852
1.28518
1.28523
1.2853
1.28538
1.28544
1.2855
1.28553
1.28556
1.28558
1.28559
1.28562
1.28566
1.28569
1.28574
1.28579
1.28584
1.28588
1.28591
1.28595
1.28597
1.28598
1.28599
1.28599
1.28603
1.28608
1.28615
1.28623
1.28631
1.28634
1.28631
1.28621
1.28603
1.28579
1.28552
1.28525
1.28504
1.2849
1.28489
1.28499
1.28517
1.28537
1.28558
1.28576
1.28591
1.286
1.28604
1.28601
1.28592
1.28578
1.28562
1.28547
1.28536
1.2853
1.2853
1.28532
1.28536
1.2854
1.28546
1.2855
1.28554
1.28556
1.28558
1.2856
1.28561
1.28561
1.28561
1.28562
1.28563
1.28564
1.28567
1.2857
1.28575
1.2858
1.28586
1.28595
1.28604
1.28614
1.28626
1.28637
1.28646
1.28651
1.28649
1.2864
1.28621
1.28597
1.28569
1.28544
1.28527
1.28517
1.28512
1.28514
1.28517
1.2852
1.28524
1.28527
1.28532
1.28535
1.28541
1.28546
1.28553
1.28559
1.28565
1.28573
1.2858
1.28585
1.2859
1.28594
1.28598
1.286
1.286
1.28599
1.28598
1.28595
1.28591
1.28585
1.28578
1.28571
1.28563
1.28555
1.28553
1.28553
1.28558
1.28566
1.28577
1.2859
1.28605
1.28617
1.28628
1.28635
1.28638
1.28635
1.28625
1.28606
1.28584
1.28557
1.28532
1.28513
1.28504
1.28503
1.28508
1.28516
1.28525
1.28534
1.28542
1.28549
1.28555
1.28561
1.28567
1.28573
1.28578
1.28582
1.28587
1.28593
1.28599
1.28604
1.28609
1.28613
1.28614
1.28613
1.2861
1.28602
1.28591
1.28577
1.28563
1.28549
1.28538
1.2853
1.28527
1.28528
1.28533
1.2854
1.28549
1.28558
1.28566
1.28574
1.2858
1.28585
1.28592
1.28598
1.28609
1.28621
1.28633
1.28643
1.28648
1.28645
1.2863
1.28605
1.28575
1.28545
1.28519
1.28502
1.28495
1.28495
1.285
1.28508
1.28519
1.2853
1.28542
1.28552
1.28562
1.2857
1.28575
1.2858
