           1   0.0498187   0.0498187           0
           2   0.0492496   0.0495341 0.000284536
           3   0.0481001   0.0490561 0.000505448
           4   0.0498918    0.049265 0.000413989
           5   0.0496299    0.049338 0.000328872
           6   0.0482659   0.0491593 0.000322538
           7   0.0487776   0.0491048 0.000277995
           8   0.0497841   0.0491897 0.000255286
           9   0.0484825   0.0491111  0.00023846
          10   0.0499251   0.0491925 0.000228288
          11   0.0489589   0.0491713 0.000207584
          12   0.0491664   0.0491709 0.000189498
          13   0.0500811   0.0492409  0.00018785
          14   0.0497687   0.0492786 0.000177955
          15   0.0488536   0.0492503 0.000168073
          16    0.050354   0.0493192 0.000171687
          17   0.0485921   0.0492765 0.000166847
          18    0.047908   0.0492005 0.000174713
          19   0.0491261   0.0491965 0.000165308
          20   0.0474615   0.0491098 0.000179222
          21   0.0494984   0.0491283 0.000171475
          22   0.0485183   0.0491006 0.000165829
          23   0.0486708   0.0490819 0.000159554
          24   0.0483132   0.0490498 0.000156083
          25   0.0497299    0.049077  0.00015216
          26   0.0481608   0.0490418 0.000150379
          27   0.0483724    0.049017  0.00014681
          28   0.0485225   0.0489994 0.000142568
          29   0.0499182    0.049031 0.000141166
          30   0.0483047   0.0490068 0.000138512
          31   0.0478581   0.0489698    0.000139
          32   0.0501569   0.0490069 0.000139605
          33   0.0480419   0.0489776 0.000138432
          34    0.049132   0.0489822 0.000134376
          35   0.0487098   0.0489744 0.000130712
          36   0.0511456   0.0490347  0.00014062
          37   0.0504776   0.0490737 0.000142218
          38   0.0478393   0.0490412 0.000142186
          39    0.049833   0.0490615 0.000139972
          40   0.0494067   0.0490701 0.000136701
          41   0.0497418   0.0490865 0.000134328
          42   0.0487119   0.0490776 0.000131393
          43   0.0504464   0.0491094 0.000132191
          44   0.0495759     0.04912 0.000129586
          45   0.0475132   0.0490843  0.00013161
          46   0.0481086   0.0490631 0.000130453
          47   0.0473347   0.0490263 0.000132839
          48     0.04937   0.0490335 0.000130239
          49    0.049076   0.0490344 0.000127557
          50   0.0483265   0.0490202 0.000125779
          51   0.0484687   0.0490094 0.000123761
          52   0.0497939   0.0490245 0.000122292
          53   0.0493009   0.0490297 0.000120076
          54   0.0484715   0.0490194 0.000118284
          55   0.0483073   0.0490064 0.000116833
          56   0.0490024   0.0490063 0.000114728
          57   0.0493733   0.0490128 0.000112881
          58   0.0499074   0.0490282 0.000111985
          59   0.0488482   0.0490252 0.000110113
          60   0.0486295   0.0490186 0.000108462
          61   0.0504286   0.0490417 0.000109145
          62   0.0482438   0.0490288 0.000108139
          63   0.0486466   0.0490227 0.000106581
          64   0.0489302   0.0490213 0.000104913
          65   0.0483085   0.0490103 0.000103867
          66   0.0490724   0.0490113 0.000102285
          67   0.0490763   0.0490122 0.000100752
          68   0.0490071   0.0490122 9.92589e-05
          69   0.0497173   0.0490224 9.83422e-05
          70    0.047404   0.0489993 9.96463e-05
          71   0.0488042   0.0489965 9.82712e-05
          72   0.0495622   0.0490044 9.72148e-05
          73   0.0489414   0.0490035 9.58777e-05
          74   0.0487763   0.0490004  9.4623e-05
          75   0.0476531   0.0489825 9.50656e-05
          76   0.0499261   0.0489949 9.46245e-05
          77   0.0485837   0.0489896 9.35401e-05
          78   0.0484996   0.0489833 9.25465e-05
          79   0.0487125   0.0489798 9.14318e-05
          80   0.0496823   0.0489886 9.07076e-05
          81   0.0486879   0.0489849 8.96577e-05
          82   0.0491166   0.0489865 8.85722e-05
          83   0.0497488   0.0489957 8.79792e-05
          84   0.0496791   0.0490038 8.73054e-05
          85   0.0484209    0.048997 8.65444e-05
          86   0.0474373   0.0489788 8.74338e-05
          87    0.048415   0.0489724 8.66656e-05
          88   0.0504027   0.0489886 8.72032e-05
          89   0.0483505   0.0489814 8.65154e-05
          90   0.0509611   0.0490034 8.83312e-05
          91   0.0494645   0.0490085 8.75019e-05
          92   0.0501675   0.0490211 8.74577e-05
          93   0.0492385   0.0490234 8.65438e-05
          94   0.0486093    0.049019 8.57315e-05
          95   0.0492116   0.0490211 8.48485e-05
          96    0.050656   0.0490381 8.56698e-05
          97   0.0499298   0.0490473 8.52788e-05
          98   0.0499291   0.0490563 8.48824e-05
          99   0.0482448   0.0490481 8.44196e-05
         100   0.0483864   0.0490415 8.38326e-05
