           1   -0.417853   -0.417853           0
           2   -0.406996   -0.412424  0.00542852
           3    -0.41032   -0.411723  0.00321173
           4   -0.403765   -0.409733  0.00301926
           5   -0.409996   -0.409786   0.0023393
           6   -0.420799   -0.411621    0.002649
           7     -0.4138   -0.411932  0.00226034
           8   -0.421937   -0.413183  0.00232289
           9   -0.407963   -0.412603  0.00212913
          10   -0.416928   -0.413036  0.00195286
          11   -0.412775   -0.413012  0.00176658
          12   -0.411077   -0.412851  0.00162071
          13   -0.414213   -0.412955  0.00149451
          14   -0.408644   -0.412647   0.0014175
          15   -0.433206   -0.414018  0.00190257
          16   -0.420728   -0.414437  0.00182844
          17   -0.425865    -0.41511  0.00184437
          18    -0.40258   -0.414413  0.00187304
          19   -0.409612   -0.414161  0.00178965
          20   -0.427946    -0.41485   0.0018324
          21    -0.42602   -0.415382  0.00182232
          22   -0.409694   -0.415123  0.00175664
          23   -0.401811   -0.414545  0.00177552
          24   -0.417995   -0.414688    0.001706
          25   -0.410812   -0.414533  0.00164367
          26   -0.409934   -0.414356  0.00158907
          27    -0.40471   -0.413999  0.00157027
          28   -0.415859   -0.414066  0.00151461
          29   -0.395182   -0.413414  0.00159994
          30   -0.438228   -0.414241  0.00175308
          31   -0.408631   -0.414061  0.00170522
          32   -0.418003   -0.414184  0.00165566
          33   -0.416156   -0.414243  0.00160581
          34   -0.417135   -0.414329  0.00156019
          35    -0.41445   -0.414332  0.00151496
          36   -0.429504   -0.414753  0.00153141
          37   -0.400948    -0.41438  0.00153547
          38   -0.414474   -0.414383  0.00149452
          39   -0.414547   -0.414387   0.0014557
          40    -0.42836   -0.414736  0.00146121
          41   -0.429556   -0.415098  0.00147025
          42   -0.417169   -0.415147  0.00143567
          43   -0.397084   -0.414727  0.00146347
          44   -0.402369   -0.414446  0.00145714
          45   -0.423647   -0.414651  0.00143899
          46   -0.420554   -0.414779   0.0014132
          47   -0.417667    -0.41484  0.00138417
          48   -0.430211   -0.415161  0.00139235
          49   -0.412091   -0.415098  0.00136508
          50   -0.420297   -0.415202  0.00134154
          51   -0.424638   -0.415387  0.00132792
          52   -0.415213   -0.415384  0.00130214
          53   -0.432882   -0.415714  0.00131931
          54   -0.428891   -0.415958  0.00131745
          55    -0.40794   -0.415812  0.00130146
          56   -0.409498   -0.415699  0.00128298
          57   -0.415056   -0.415688  0.00126032
          58   -0.398223   -0.415387  0.00127448
          59   -0.416268   -0.415402  0.00125278
          60   -0.398647   -0.415123  0.00126298
          61   -0.407145   -0.414992  0.00124897
          62   -0.412749   -0.414956  0.00122919
          63   -0.404903   -0.414796  0.00122001
          64   -0.412234   -0.414756  0.00120146
          65   -0.427832   -0.414957  0.00119982
          66   -0.419727   -0.415029  0.00118371
          67   -0.419275   -0.415093  0.00116763
          68   -0.409702   -0.415014  0.00115305
          69   -0.423824   -0.415141  0.00114337
          70   -0.416873   -0.415166  0.00112719
          71   -0.420973   -0.415248  0.00111421
          72   -0.423766   -0.415366  0.00110498
          73   -0.428594   -0.415547   0.0011047
          74   -0.411338    -0.41549  0.00109115
          75   -0.409092   -0.415405  0.00107988
          76   -0.405446   -0.415274   0.0010736
          77   -0.419031   -0.415323  0.00106069
          78   -0.410682   -0.415263  0.00104869
          79   -0.413322   -0.415239  0.00103562
          80   -0.410479   -0.415179  0.00102433
          81   -0.408484   -0.415097  0.00101497
          82   -0.394856    -0.41485  0.00103246
          83   -0.409344   -0.414783   0.0010221
          84   -0.420819   -0.414855  0.00101241
          85   -0.425493    -0.41498  0.00100823
          86    -0.43624   -0.415228  0.00102664
          87   -0.419496   -0.415277  0.00101596
          88   -0.403532   -0.415143  0.00101318
          89   -0.417048   -0.415165  0.00100196
          90   -0.404659   -0.415048 0.000997612
          91   -0.421167   -0.415115 0.000988877
          92   -0.427435   -0.415249 0.000987195
          93   -0.419038    -0.41529 0.000977371
          94   -0.416508   -0.415303 0.000967005
          95   -0.418358   -0.415335 0.000957312
          96     -0.4113   -0.415293 0.000948219
          97   -0.407161   -0.415209  0.00094213
          98   -0.414416   -0.415201 0.000932502
          99   -0.404961   -0.415098 0.000928812
         100   -0.408457   -0.415031 0.000921872
