100 0.0323165 0 0
100 0.0969496 0 0
100 0.161583 0 0
100 0.226216 0 0
100 0.290849 0 0
100 0.355482 0 0
100 0.420115 0 0
100 0.484748 0 0
100 0.549381 0 0
100 0.614014 0 0
100 0.678647 0 0
100 0.74328 0 0
100 0.807913 0.00132668 0.000288409
100 0.872546 0.172241 0.00268529
100 0.937179 1.2132 0.0089074
100 1.00181 2.33103 0.0154918
100 1.06645 2.55354 0.0136935
100 1.13108 2.34862 0.0121768
100 1.19571 2.04241 0.0105154
100 1.26034 1.78394 0.00851735
100 1.32498 1.60058 0.00683743
100 1.38961 1.46484 0.00634612
100 1.45424 1.36198 0.0061018
100 1.51888 1.28439 0.00577346
100 1.58351 1.24202 0.00554381
100 1.64814 1.20273 0.00488686
100 1.71278 1.16958 0.00428897
100 1.77741 1.15438 0.00403632
100 1.84204 1.14323 0.00424763
100 1.90667 1.13315 0.00397341
100 1.97131 1.12373 0.00369113
100 2.03594 1.12796 0.00365644
100 2.10057 1.11911 0.00358881
100 2.16521 1.10839 0.00324575
100 2.22984 1.1043 0.00327461
100 2.29447 1.10279 0.00305379
100 2.35911 1.08844 0.00296494
100 2.42374 1.08098 0.00304218
100 2.48837 1.07183 0.00276687
100 2.55301 1.07243 0.00261953
100 2.61764 1.06279 0.00284153
100 2.68227 1.06428 0.00293494
100 2.7469 1.05578 0.00248504
100 2.81154 1.0505 0.00245484
100 2.87617 1.04981 0.00261471
100 2.9408 1.0452 0.00249575
100 3.00544 1.04426 0.0021472
100 3.07007 1.04188 0.00254163
100 3.1347 1.03999 0.00214827
100 3.19934 1.03953 0.00201062
100 3.26397 1.03794 0.00229623
100 3.3286 1.03491 0.00218746
100 3.39323 1.03065 0.00201491
100 3.45787 1.03304 0.00198275
100 3.5225 1.0294 0.0019132
100 3.58713 1.02614 0.00230183
100 3.65177 1.02899 0.00211861
100 3.7164 1.0276 0.00176781
100 3.78103 1.02719 0.00165695
100 3.84567 1.02572 0.00175841
100 3.9103 1.02334 0.00175367
100 3.97493 1.02237 0.0017011
100 4.03957 1.02073 0.00172758
100 4.1042 1.02219 0.00173065
100 4.16883 1.02072 0.00154193
100 4.23346 1.01757 0.00186748
100 4.2981 1.01968 0.00147345
100 4.36273 1.01892 0.00164899
100 4.42736 1.01519 0.00133857
100 4.492 1.01383 0.00154818
100 4.55663 1.01584 0.00150776
100 4.62126 1.01394 0.00136434
100 4.6859 1.0153 0.00134459
100 4.75053 1.01434 0.00136413
100 4.81516 1.01683 0.00152012
100 4.87979 1.01304 0.00132297
100 4.94443 1.01204 0.00132357
100 5.00906 1.012 0.00144046
100 5.07369 1.01151 0.00130152
100 5.13833 1.01232 0.00126825
100 5.20296 1.01132 0.0010334
100 5.26759 1.01088 0.00132193
100 5.33223 1.00898 0.00119613
100 5.39686 1.00859 0.00124207
100 5.46149 1.00967 0.00117764
100 5.52612 1.01041 0.00116436
100 5.59076 1.00921 0.00120357
100 5.65539 1.00885 0.00113317
100 5.72002 1.00996 0.00116661
100 5.78466 1.00879 0.00117767
100 5.84929 1.00568 0.00100934
100 5.91392 1.00881 0.0010743
100 5.97856 1.00676 0.000984165
100 6.04319 1.00739 0.00120044
100 6.10782 1.00436 0.00106576
100 6.17246 1.00542 0.00107246
100 6.23709 1.00437 0.00103256
100 6.30172 1.00693 0.0011678
100 6.36635 1.00536 0.00104409
100 6.43099 0 0
