1 29.8281
2 29.0543
3 27.5083
4 26.7014
5 25.3522
6 24.576
7 23.7884
8 23.0292
9 22.4401
10 22.3243
11 22.1087
12 21.932
13 21.47
14 21.3
15 20.7677
16 20.4575
17 20.2616
18 20.3192
19 20.3362
20 19.458
21 19.1285
22 18.6207
23 18.6889
24 18.2874
25 18.1607
26 18.0592
27 17.6948
28 17.6286
29 17.2931
30 17.0088
31 16.909
32 17.2315
33 16.6708
34 16.4632
35 16.0614
36 15.7766
37 15.8954
38 15.8684
39 15.1929
40 14.9832
41 15.0371
42 15.6225
43 15.5749
44 15.1556
45 15.2627
46 14.8139
47 14.7391
48 14.8731
49 14.7058
50 14.4203
51 14.3546
52 14.5071
53 14.288
54 14.3896
55 14.3176
56 13.975
57 13.7369
58 13.76
59 14.164
60 14.273
61 13.5496
62 13.1303
63 13.1975
64 13.2169
65 13.0963
66 13.2608
67 13.2352
68 13.3735
69 13.3078
70 13.3
71 13.2607
72 13.2655
73 13.0727
74 12.8328
75 12.3949
76 12.2273
77 12.5397
78 12.4823
79 12.7433
80 12.7749
81 12.8254
82 12.7548
83 12.4575
84 12.4425
85 12.1935
86 12.438
87 12.038
88 11.7714
89 12.0204
90 12.4149
91 12.2356
92 12.1689
93 12.0823
94 11.966
95 11.617
96 11.8198
97 11.8865
98 11.7006
99 11.7831
100 11.5957
101 12.3185
102 12.507
103 12.2259
104 12.4095
105 12.0911
106 12.0747
107 11.7307
108 12.2497
109 12.2919
110 12.0997
111 12.0569
112 11.69
113 11.287
114 11.7404
115 11.8426
116 12.3387
117 12.1398
118 11.6353
119 11.2587
120 11.4281
121 11.3584
122 11.0002
123 11.3068
124 11.5633
125 11.4577
126 11.2556
127 11.5225
128 11.5149
129 12.1145
130 12.3538
131 12.4278
132 12.503
133 12.521
134 12.0011
135 11.9196
136 11.6727
137 11.7629
138 11.9062
139 11.4527
140 11.2089
141 11.2046
142 10.9402
143 11.033
144 11.2906
145 11.0444
146 11.0196
147 11.0142
148 10.9849
149 11.0671
150 10.6628
151 10.7313
152 10.6906
153 10.6552
154 10.7867
155 10.8407
156 11.2854
157 10.947
158 10.8891
159 10.5938
160 10.5385
161 10.8137
162 10.8252
163 10.6974
164 10.6612
165 11.1716
166 10.7802
167 10.744
168 10.927
169 10.776
170 11.2682
171 10.6936
172 10.559
173 10.744
174 10.5712
175 10.877
176 11.2258
177 11.1793
178 11.269
179 11.3449
180 11.5443
181 11.1654
182 10.9972
183 11.1711
184 11.3283
185 10.9178
186 11.1053
187 10.8617
188 11.3512
189 11.6269
190 11.509
191 11.3849
192 11.2888
193 10.7348
194 10.7524
195 11.0097
196 10.6766
197 10.7356
198 10.6907
199 10.6153
200 10.4439
201 10.3244
202 10.2063
203 10.3854
204 10.7827
205 10.6195
206 9.97669
207 9.79693
208 9.86866
209 10.0647
210 10.3099
211 10.1447
212 10.0555
213 10.2154
214 9.93776
215 9.97307
216 9.8194
217 9.92219
218 10.0626
219 10.518
220 10.9127
221 10.4844
222 10.6456
223 10.4003
224 10.3343
225 10.7119
226 10.4112
227 10.7952
228 10.7818
229 10.609
230 10.5288
231 10.1934
232 10.466
233 10.5561
234 10.4995
235 10.5431
236 10.5142
237 10.5334
238 10.6293
239 10.7448
240 10.5631
241 10.8285
242 10.6592
243 10.8852
244 11.097
245 10.8776
246 10.6467
247 10.3996
248 10.2938
249 10.4931
250 10.2129
251 10.2144
252 10.3962
253 10.7799
254 10.2275
255 10.3517
256 10.5157
257 10.4323
258 10.3163
259 10.3563
260 10.1644
261 10.3628
262 10.63
263 10.6898
264 10.5325
265 10.5131
266 10.189
267 10.1126
268 10.251
269 10.649
270 10.4241
271 10.1964
272 10.0734
273 9.80342
274 10.2528
275 10.6642
276 10.6285
277 10.6321
278 10.6211
279 10.3185
280 10.5451
281 10.3041
282 10.1612
283 10.3567
284 10.0354
285 10.0606
286 10.1703
287 10.0751
288 10.3513
289 10.4805
290 10.259
291 10.1622
292 10.0903
293 10.4467
294 10.4649
295 10.5049
296 10.1847
297 10.7167
298 11.2284
299 11.2064
300 10.8318
301 10.8699
302 10.441
303 10.34
304 9.92931
305 10.4274
306 10.3795
307 10.1447
308 9.93391
309 10.0695
310 10.1001
311 10.2248
312 10.7094
313 10.4751
314 10.4024
315 10.4899
316 10.5253
317 10.4989
318 10.2105
319 10.0184
320 10.1568
321 10.2735
322 10.1052
323 9.94837
324 10.1648
325 9.88523
326 9.95768
327 10.1313
328 10.0967
329 10.1939
330 10.3531
331 10.2494
332 10.1899
333 11.2352
334 11.2121
335 11.1295
336 11.0813
337 10.59
338 10.5528
339 10.4636
340 10.9447
341 10.8232
342 10.4613
343 10.2786
344 10.4482
345 10.4211
346 10.6967
347 10.72
348 10.6901
349 10.837
350 10.2648
351 10.3747
352 10.6171
353 10.7406
354 10.6226
355 11.0689
356 10.8886
357 10.5341
358 10.6657
359 10.5505
360 10.6511
361 10.1286
362 9.89672
363 10.3057
364 10.295
365 10.5772
366 10.4063
367 10.1284
368 9.91212
369 10.1696
370 10.1945
371 10.3782
372 10.5258
373 10.1593
374 10.2681
375 10.653
376 10.3648
377 10.6373
378 10.6001
379 10.5593
380 10.4287
381 10.152
382 10.4784
383 10.5647
384 10.5207
385 10.222
386 10.573
387 10.9273
388 10.5758
389 10.3489
390 10.4736
391 10.2591
392 10.3325
393 10.7314
394 10.6765
395 10.8732
396 10.9071
397 10.3386
398 9.90077
399 10.4491
400 10.3988
401 10.2917
402 10.4193
403 10.4739
404 10.8152
405 10.6633
406 10.7551
407 10.8016
408 10.7622
409 10.7944
410 11.3738
411 11.1727
412 10.7565
413 10.2785
414 10.0912
415 10.2459
416 9.79696
417 9.85693
418 9.85841
419 9.91526
420 10.4064
421 10.3641
422 10.6021
423 10.8827
424 10.4962
425 10.3856
426 10.6751
427 10.6593
428 10.6852
429 10.6019
430 10.6897
431 10.4434
432 10.1399
433 10.0331
434 9.92329
435 10.2611
436 10.1791
437 10.0176
438 10.1963
439 10.2227
440 10.1061
441 9.99412
442 9.98752
443 10.2113
444 10.6624
445 10.7483
446 10.9449
447 10.4695
448 10.6169
449 10.2983
450 10.18
451 10.1278
452 10.054
453 10.1571
454 10.1208
455 10.3844
456 10.4267
457 10.0511
458 10.2192
459 10.309
460 10.4193
461 10.7941
462 10.7656
463 10.2794
464 10.4322
465 10.6729
466 10.5335
467 10.4782
468 10.6993
469 11.0802
470 10.9475
471 10.5249
472 11.155
473 10.8531
474 10.603
475 10.4866
476 10.3031
477 9.99341
478 10.3276
479 10.905
480 11.0615
481 11.0281
482 10.9827
483 10.7761
484 10.4117
485 10.5098
486 10.6119
487 10.3753
488 10.2019
489 10.3195
490 10.4787
491 10.1583
492 10.2567
493 10.618
494 10.0986
495 10.5288
496 10.5985
497 10.3222
498 10.3243
499 10.6896
500 10.6114
501 10.5561
502 10.5562
503 10.3244
504 10.2217
505 10.0371
506 10.0202
507 10.3405
508 10.2237
509 10.4883
510 10.4222
511 10.2332
512 10.3361
513 10.6278
514 10.7602
515 10.6643
516 10.2171
517 10.543
518 10.2906
519 10.6289
520 10.3875
521 10.4832
522 10.4311
523 10.6714
524 10.1936
525 9.90744
526 10.2151
527 10.388
528 10.2881
529 10.2747
530 10.2763
531 11.0438
532 11.1655
533 11.1089
534 10.7341
535 11.0183
536 10.4242
537 10.1967
538 9.98088
539 9.94091
540 10.0438
541 9.90726
542 10.0673
543 9.94772
544 10.4092
545 10.4522
546 10.2915
547 10.3742
548 10.3126
549 10.3114
550 11.1086
551 10.7942
552 10.429
553 10.3717
554 10.6146
555 10.7545
556 10.2669
557 10.2392
558 10.1086
559 10.3068
560 10.2174
561 10.0233
562 9.98128
563 10.1681
564 9.966
565 10.1311
566 10.0589
567 10.2609
568 10.446
569 10.606
570 10.4314
571 10.6738
572 10.172
573 10.2074
574 10.2145
575 10.0343
576 10.5353
577 10.4334
578 9.92768
579 9.88288
580 9.80093
581 9.75086
582 10.0799
583 10.0937
584 10.5837
585 10.6027
586 11.0619
587 10.9839
588 10.7135
589 10.3636
590 10.3245
591 10.1819
592 10.3568
593 10.5551
594 10.7137
595 10.4327
596 10.3356
597 10.1188
598 10.3848
599 10.3137
600 10.517
601 10.1287
602 10.2721
603 10.0497
604 10.2244
605 9.9553
606 9.8476
607 9.96075
608 10.5919
609 10.3408
610 10.5799
611 10.5987
612 10.3477
613 10.7036
614 10.6838
615 10.548
616 10.4781
617 10.104
618 10.3075
619 10.3314
620 10.5328
621 10.3825
622 10.1841
623 9.85301
624 9.81389
625 10.2757
626 10.5477
627 10.2632
628 10.4623
629 10.4339
630 10.7375
631 10.5978
632 10.9679
633 10.6385
634 10.3717
635 10.1042
636 10.3512
637 10.4882
638 10.5164
639 10.8746
640 10.426
641 9.94757
642 10.1392
643 10.2979
644 10.3323
645 11.0692
646 10.9982
647 10.4729
648 10.0516
649 10.0481
650 9.75075
651 9.94326
652 9.965
653 10.0666
654 10.0123
655 10.0469
656 9.9365
657 10.1417
658 10.2725
659 10.2463
660 10.1052
661 9.97702
662 10.3036
663 10.6838
664 10.9658
665 11.0368
666 11.2429
667 10.7044
668 10.5608
669 10.53
670 10.2378
671 10.1256
672 10.3401
673 10.6654
674 10.5155
675 10.6204
676 10.4591
677 10.5381
678 10.5959
679 10.6926
680 10.4782
681 10.4008
682 10.2816
683 10.2033
684 10.3604
685 10.7828
686 10.3323
687 10.1613
688 10.0766
689 10.109
690 11.0743
691 10.3093
692 10.126
693 9.97301
694 9.86128
695 9.85208
696 9.93887
697 10.0806
698 10.5214
699 10.0039
700 10.3232
701 10.25
702 10.2692
703 10.6043
704 11.1414
705 10.2764
706 9.95027
707 10.4581
708 10.3813
709 10.3925
710 10.439
711 10.4643
712 10.4575
713 10.1887
714 9.89574
715 10.0314
716 9.75313
717 9.82323
718 10.392
719 10.1516
720 10.2922
721 10.5597
722 10.4637
723 10.3447
724 10.9509
725 10.8796
726 10.5725
727 10.6291
728 10.4105
729 10.2939
730 10.0805
731 10.0958
732 9.9837
733 10.4809
734 10.5898
735 10.8111
736 10.6281
737 10.4776
738 10.3852
739 10.3592
740 10.2838
741 9.91
742 9.73806
743 9.94816
744 10.029
745 10.2016
746 10.015
747 10.1331
748 10.1732
749 10.1164
750 10.1689
751 9.97267
752 9.94629
753 9.9199
754 10.1847
755 10.4304
756 10.206
757 10.4497
758 10.9709
759 10.617
760 10.5975
761 10.746
762 10.3223
763 10.2054
764 10.228
765 9.95062
766 9.89018
767 10.0136
768 10.3843
769 10.3181
770 10.4653
771 10.2508
772 10.3716
773 10.574
774 10.3447
775 10.0671
776 10.6243
777 10.4607
778 10.2124
779 9.94957
780 10.0209
781 9.91039
782 9.92676
783 10.067
784 10.1947
785 10.1377
786 10.3134
787 10.2709
788 10.544
789 10.4099
790 10.3812
791 10.4712
792 10.4756
793 9.81
794 9.9614
795 10.5213
796 10.6521
797 10.5967
798 10.491
799 10.1635
800 10.0013
801 10.4499
802 10.4008
803 10.2483
804 10.3377
805 10.6179
806 10.1092
807 10.6564
808 10.1861
809 10.771
810 10.7194
811 10.9598
812 10.9281
813 10.7271
814 10.7046
815 10.6696
816 10.3888
817 10.1705
818 10.7967
819 10.8591
820 10.9262
821 11.1956
822 10.9199
823 10.9966
824 10.8047
825 11.128
826 11.0052
827 10.703
828 10.6577
829 10.3935
830 10.4847
831 10.4635
832 10.5055
833 10.8459
834 10.8072
835 10.6667
836 10.2163
837 9.93787
838 10.2171
839 9.92544
840 9.93732
841 9.85719
842 9.94933
843 10.4324
844 10.3016
845 10.2359
846 10.0216
847 9.76077
848 9.92457
849 10.1015
850 10.3973
851 10.6749
852 10.2496
853 10.2069
854 10.4032
855 10.3894
856 10.1689
857 10.29
858 10.0813
859 9.99494
860 9.95839
861 10.2083
862 10.1091
863 10.712
864 10.6359
865 10.406
866 10.665
867 10.1757
868 10.1108
869 9.971
870 9.99701
871 9.84185
872 9.88927
873 9.9965
874 10.0125
875 10.0123
876 10.0036
877 10.0597
878 10.352
879 9.84107
880 10.0813
881 10.1227
882 10.4361
883 10.4664
884 10.0781
885 10.1694
886 10.2496
887 10.1671
888 10.5025
889 10.4004
890 10.7125
891 10.4664
892 10.1577
893 9.84874
894 10.116
895 9.78707
896 10.0329
897 9.88487
898 10.0974
899 10.4884
900 10.4897
901 10.3441
902 10.6998
903 10.7502
904 10.949
905 11.292
906 11.5195
907 11.8264
908 11.7235
909 11.2531
910 10.6023
911 10.7241
912 10.2841
913 10.0771
914 10.2595
915 10.3064
916 10.0674
917 10.2382
918 10.2831
919 9.90303
920 10.3378
921 10.4113
922 10.4051
923 9.8339
924 9.73688
925 9.98796
926 10.1418
927 10.4168
928 10.5971
929 10.4213
930 10.423
931 10.5706
932 10.666
933 10.881
934 10.7584
935 10.4853
936 10.5545
937 10.6229
938 10.69
939 10.5067
940 10.3041
941 10.271
942 10.2576
943 10.7215
944 10.3952
945 10.7308
946 10.6953
947 11.1569
948 10.6419
949 10.1532
950 9.99367
951 10.0103
952 9.91237
953 10.0719
954 10.4327
955 10.2741
956 10.6693
957 10.3125
958 10.122
959 10.5377
960 10.3323
961 10.5006
962 10.1057
963 10.111
964 10.4173
965 10.5708
966 10.7351
967 10.8522
968 10.7427
969 10.755
970 10.6529
971 10.4184
972 10.617
973 10.6504
974 10.0494
975 10.3304
976 10.2115
977 10.2092
978 10.5644
979 10.6433
980 10.3674
981 10.131
982 10.1469
983 10.1098
984 10.2807
985 9.9949
986 9.8581
987 10.0928
988 10.3016
989 10.5325
990 10.4
991 10.0914
992 10.3903
993 10.216
994 10.653
995 10.601
996 10.3152
997 10.1121
998 9.85924
999 10.0907
1000 10.3427
1001 9.93939
1002 10.1952
1003 10.7925
1004 10.6042
1005 10.7001
1006 10.7073
1007 10.5846
1008 10.1331
1009 9.90293
1010 10.1299
1011 10.3588
1012 10.2779
1013 9.95746
1014 10.1292
1015 10.1415
1016 10.1398
1017 10.0343
1018 10.3649
1019 10.0013
1020 10.1991
1021 10.0556
1022 9.81756
1023 10.0237
1024 10.0489
1025 10.0594
1026 10.069
1027 10.6519
1028 10.5007
1029 10.3475
1030 10.2439
1031 10.1582
1032 10.2451
1033 10.8088
1034 10.553
1035 10.2941
1036 10.6478
1037 10.6576
1038 10.2649
1039 10.2665
1040 10.3975
1041 10.8478
1042 10.2458
1043 10.1254
1044 10.0314
1045 10.1455
1046 10.3577
1047 10.3464
1048 10.3302
1049 10.4939
1050 10.6846
1051 10.9043
1052 10.7399
1053 10.9766
1054 11.0577
1055 10.3529
1056 10.1286
1057 10.2272
1058 10.2286
1059 10.3995
1060 10.866
1061 10.1864
1062 10.4786
1063 10.6922
1064 10.0199
1065 9.94067
1066 10.1153
1067 9.95624
1068 9.91184
1069 9.83081
1070 10.1243
1071 9.96831
1072 10.0491
1073 10.2078
1074 10.1157
1075 10.27
1076 10.147
1077 10.0242
1078 9.89695
1079 10.0769
1080 10.0833
1081 10.3897
1082 10.0533
1083 10.074
1084 10.169
1085 9.83822
1086 9.89572
1087 10.1264
1088 10.0351
1089 10.2103
1090 10.3197
1091 10.3161
1092 10.4302
1093 10.3087
1094 10.3199
1095 10.2046
1096 10.3836
1097 10.309
1098 10.4616
1099 10.8211
1100 10.9966
1101 11.0951
1102 11.0211
1103 10.9496
1104 10.6683
1105 11.0085
1106 10.7007
1107 10.5134
1108 10.7195
1109 10.9301
1110 10.834
1111 10.4158
1112 10.7232
1113 10.2836
1114 10.3913
1115 10.1697
1116 10.0769
1117 10.1869
1118 10.5903
1119 10.6616
1120 10.9797
1121 11.2246
1122 11.4555
1123 11.5653
1124 10.9492
1125 10.6912
1126 10.185
1127 10.3664
1128 10.3116
1129 10.3266
1130 10.1233
1131 10.4013
1132 11.1415
1133 10.4891
1134 10.33
1135 10.1967
1136 10.056
1137 10.1297
1138 10.3173
1139 10.248
1140 10.2141
1141 10.2991
1142 10.589
1143 10.2273
1144 10.1721
1145 10.1869
1146 10.3169
1147 10.5697
1148 10.1239
1149 9.97742
1150 10.48
1151 10.1095
1152 10.5038
1153 10.2925
1154 10.2216
1155 10.2225
1156 10.03
1157 10.2245
1158 10.4293
1159 10.3817
1160 10.6723
1161 10.0052
1162 10.2187
1163 10.0069
1164 9.89932
1165 10.2209
1166 10.5742
1167 10.6246
1168 10.4211
1169 10.4463
1170 10.6315
1171 10.2553
1172 10.6928
1173 10.5925
1174 10.4237
1175 10.9241
1176 10.5351
1177 10.6262
1178 10.8734
1179 11.2836
1180 10.9682
1181 10.8568
1182 10.7558
1183 10.7407
1184 10.2488
1185 10.0454
1186 9.92335
1187 10.2006
1188 10.6315
1189 10.4466
1190 10.0664
1191 10.5613
1192 10.1594
1193 9.92063
1194 10.4261
1195 10.0164
1196 10.0097
1197 10.0569
1198 10.0599
1199 9.9417
1200 10.2728
1201 10.4492
1202 10.5507
1203 10.6546
1204 10.1176
1205 10.0857
1206 10.136
1207 10.3238
1208 10.2068
1209 10.2613
1210 10.2712
1211 10.055
1212 10.3385
1213 10.2099
1214 10.2708
1215 10.4752
1216 10.2173
1217 10.0646
1218 9.99726
1219 10.2797
1220 10.1641
1221 9.96395
1222 10.2453
1223 10.2635
1224 10.0915
1225 10.4154
1226 10.2464
1227 10.3423
1228 10.1757
1229 10.5011
1230 10.6187
1231 9.78858
1232 9.9887
1233 10.0355
1234 10.2728
1235 10.3606
1236 10.305
1237 10.4389
1238 10.264
1239 9.95634
1240 9.95646
1241 10.4095
1242 10.5178
1243 10.501
1244 10.2105
1245 10.6782
1246 10.3189
1247 10.2906
1248 9.8911
1249 10.0316
1250 9.73486
1251 10.1472
1252 9.91069
1253 9.9984
1254 10.3275
1255 10.2647
1256 10.278
1257 10.3022
1258 10.1243
1259 10.092
1260 9.98713
1261 10.1026
1262 10.291
1263 10.5331
1264 10.4951
1265 10.5561
1266 10.4418
1267 10.4633
1268 10.7142
1269 10.5069
1270 10.3817
1271 10.2623
1272 9.95111
1273 9.91341
1274 9.84103
1275 10.4522
1276 10.0402
1277 10.1418
1278 9.80311
1279 9.84626
1280 10.229
1281 10.1239
1282 9.9059
1283 9.87046
1284 9.91692
1285 9.90583
1286 10.0678
1287 9.83774
1288 10.3326
1289 10.432
1290 10.5422
1291 10.7045
1292 10.5122
1293 10.3417
1294 10.1607
1295 10.6352
1296 10.8935
1297 10.6007
1298 10.5501
1299 10.683
1300 10.2588
1301 10.3031
1302 10.0039
1303 9.97307
1304 10.0288
1305 10.1528
1306 10.2286
1307 10.3297
1308 10.3128
1309 10.3588
1310 10.4872
1311 10.5299
1312 10.5784
1313 10.1391
1314 10.1346
1315 10.5386
1316 10.1197
1317 10.4304
1318 10.5357
1319 10.2635
1320 10.0074
1321 10.1036
1322 10.2714
1323 10.2125
1324 10.1475
1325 9.90615
1326 9.92032
1327 9.92583
1328 9.99509
1329 10.7684
1330 10.7806
1331 10.9083
1332 10.8439
1333 11.0767
1334 10.7297
1335 10.636
1336 10.4206
1337 10.1807
1338 10.3709
1339 10.5231
1340 10.5856
1341 10.414
1342 10.0767
1343 9.86539
1344 10.0156
1345 10.2144
1346 10.3156
1347 10.3201
1348 10.8614
1349 10.5741
1350 10.9361
1351 10.6367
1352 10.8798
1353 11.0952
1354 10.8263
1355 10.8826
1356 10.4687
1357 10.0047
1358 10.2661
1359 10.1173
1360 10.113
1361 10.0811
1362 10.0869
1363 10.1749
1364 10.2254
1365 10.3053
1366 10.3543
1367 10.1252
1368 10.1848
1369 9.84517
1370 10.0499
1371 9.976
1372 10.2109
1373 10.2017
1374 10.1952
1375 10.1239
1376 10.0841
1377 10.0367
1378 10.3624
1379 9.91806
1380 9.93802
1381 10.159
1382 10.1121
1383 10.4196
1384 10.0995
1385 10.028
1386 10.2326
1387 10.0107
1388 10.2939
1389 10.56
1390 10.215
1391 10.0745
1392 10.1072
1393 9.93888
1394 9.98153
1395 10.196
1396 9.86263
1397 10.0524
1398 9.92227
1399 10.3586
1400 10.4776
1401 10.4692
1402 10.2464
1403 10.4808
1404 10.0632
1405 10.6036
1406 10.5693
1407 10.9607
1408 10.9081
1409 10.8721
1410 10.6613
1411 10.2216
1412 10.4098
1413 10.5945
1414 10.6327
1415 10.9052
1416 10.4329
1417 10.4827
1418 9.9584
1419 9.96519
1420 10.488
1421 10.9848
1422 10.3326
1423 10.2102
1424 10.1959
1425 10.0625
1426 10.1167
1427 9.93389
1428 9.82532
1429 9.88566
1430 9.81776
1431 9.97112
1432 10.0116
1433 10.0148
1434 10.0112
1435 10.1482
1436 10.0791
1437 10.4168
1438 9.99032
1439 9.8408
1440 10.1862
1441 10.1729
1442 10.1624
1443 9.98314
1444 10.5678
1445 10.8217
1446 11.2563
1447 10.6875
1448 10.8565
1449 10.6042
1450 10.1348
1451 10.0169
1452 10.1961
1453 10.2048
1454 10.3655
1455 10.2598
1456 10.0174
1457 10.1046
1458 10.128
1459 9.87111
1460 10.0641
1461 10.1148
1462 9.90037
1463 10.0157
1464 10.0485
1465 10.3202
1466 9.95495
1467 9.91461
1468 9.8392
1469 10.1532
1470 9.84144
1471 10.3406
1472 10.4119
1473 10.3831
1474 10.1041
1475 9.91995
1476 9.80552
1477 9.99403
1478 9.94641
1479 9.72304
1480 10.0926
1481 10.1929
1482 9.79868
1483 9.92318
1484 10.1593
1485 10.1896
1486 10.4155
1487 10.6905
1488 10.3077
1489 10.6399
1490 10.519
1491 10.864
1492 10.5859
1493 10.26
1494 10.2713
1495 10.387
1496 10.9268
1497 10.8016
1498 10.6129
1499 10.4598
1500 10.3348
1501 10.3872
1502 10.1907
1503 10.4164
1504 9.99479
1505 9.94916
1506 9.98422
1507 10.5306
1508 10.5802
1509 10.7271
1510 11.1231
1511 10.3098
1512 10.4619
1513 10.4987
1514 10.0214
1515 10.1762
1516 10.3401
1517 10.3967
1518 10.7087
1519 10.4531
1520 10.2137
1521 10.3309
1522 10.3853
1523 10.5197
1524 10.1908
1525 10.4749
1526 10.9277
1527 11.1937
1528 10.9664
1529 10.6011
1530 10.5954
1531 10.9183
1532 10.6941
1533 10.7065
1534 11.034
1535 10.4878
1536 10.62
1537 10.4633
1538 10.5841
1539 10.3717
1540 10.5562
1541 10.1472
1542 10.0759
1543 10.0666
1544 10.4952
1545 10.8819
1546 10.8768
1547 10.4494
1548 10.8495
1549 10.2014
1550 10.1006
1551 10.3871
1552 10.7445
1553 10.1529
1554 10.0374
1555 9.866
1556 10.1805
1557 10.5462
1558 10.4903
1559 10.2267
1560 10.5096
1561 10.3827
1562 10.274
1563 10.6338
1564 10.3736
1565 10.2734
1566 10.6117
1567 10.5597
1568 10.6792
1569 10.3269
1570 9.89081
1571 9.98684
1572 10.1332
1573 10.5931
1574 10.7309
1575 10.5936
1576 10.5685
1577 10.4379
1578 10.2848
1579 10.3107
1580 9.88029
1581 9.81366
1582 10.0256
1583 9.83244
1584 10.1411
1585 10.2686
1586 9.97231
1587 9.78722
1588 9.83658
1589 9.80995
1590 9.93315
1591 9.97686
1592 10.115
1593 9.89486
1594 9.89461
1595 9.8792
1596 9.80619
1597 9.98594
1598 10.1743
1599 9.98855
1600 10.0529
1601 10.2379
1602 10.2587
1603 10.5268
1604 10.4698
1605 10.9801
1606 10.793
1607 10.8976
1608 11.0061
1609 10.6278
1610 10.3307
1611 10.4505
1612 10.2414
1613 10.7206
1614 11.1551
1615 11.3076
1616 10.7147
1617 10.684
1618 10.5966
1619 10.5017
1620 10.8395
1621 10.6033
1622 10.4673
1623 9.99306
1624 10.2668
1625 10.4046
1626 10.3478
1627 10.2877
1628 10.0683
1629 10.7668
1630 10.2507
1631 9.97135
1632 10.0095
1633 10.2382
1634 9.96261
1635 10.0107
1636 10.4059
1637 10.925
1638 9.96731
1639 10.0658
1640 10.2502
1641 10.3653
1642 10.5805
1643 10.5499
1644 10.648
1645 10.8973
1646 11.0175
1647 10.8042
1648 11.0093
1649 10.6337
1650 10.0987
1651 10.3322
1652 10.1262
1653 10.2638
1654 10.4717
1655 10.4729
1656 10.4573
1657 10.2039
1658 10.3109
1659 10.281
1660 10.3478
1661 10.3034
1662 10.5695
1663 10.4411
1664 10.2014
1665 10.5184
1666 10.6806
1667 10.962
1668 10.3419
1669 10.1416
1670 10.4741
1671 10.5852
1672 10.2388
1673 10.3636
1674 10.8741
1675 10.7185
1676 10.2621
1677 10.2136
1678 10.187
1679 10.1535
1680 10.0797
1681 10.4927
1682 10.7827
1683 10.4329
1684 11.1533
1685 11.2217
1686 11.2207
1687 10.9223
1688 10.222
1689 10.7968
1690 10.7293
1691 10.8519
1692 10.7517
1693 10.4315
1694 10.2174
1695 10.2798
1696 10.1442
1697 10.4471
1698 10.497
1699 10.2681
1700 10.1381
1701 10.2463
1702 9.75083
1703 9.9052
1704 9.846
1705 10.1828
1706 10.1846
1707 10.3574
1708 10.5589
1709 11.0376
1710 10.3939
1711 10.3482
1712 10.488
1713 10.5883
1714 10.6425
1715 10.7089
1716 10.6009
1717 10.1186
1718 10.0675
1719 9.99339
1720 9.85047
1721 9.80315
1722 9.98815
1723 9.89413
1724 10.1537
1725 10.2348
1726 10.1902
1727 9.85307
1728 9.73387
1729 10.0279
1730 9.87644
1731 9.93078
1732 10.215
1733 10.1384
1734 10.3674
1735 10.8309
1736 10.5695
1737 10.9612
1738 10.448
1739 10.6435
1740 10.2551
1741 10.4576
1742 10.5048
1743 10.3979
1744 10.5036
1745 10.6188
1746 9.94571
1747 10.4069
1748 10.5446
1749 10.5247
1750 10.2766
1751 10.2154
1752 10.4225
1753 10.698
1754 10.8852
1755 11.1116
1756 10.6698
1757 10.3514
1758 10.3394
1759 10.0704
1760 9.91514
1761 10.1349
1762 10.2656
1763 10.4198
1764 10.2771
1765 10.2281
1766 10.2337
1767 9.95418
1768 9.87343
1769 9.97146
1770 10.2786
1771 10.4188
1772 10.1109
1773 10.1884
1774 10.0579
1775 10.1588
1776 10.5023
1777 10.9686
1778 10.5348
1779 10.5995
1780 10.3075
1781 10.3584
1782 10.7616
1783 10.6212
1784 10.3864
1785 10.6104
1786 10.4007
1787 10.4362
1788 10.9746
1789 10.9773
1790 11.0425
1791 10.3887
1792 10.126
1793 10.1812
1794 10.1122
1795 10.1655
1796 10.1485
1797 10.439
1798 10.4789
1799 9.9996
1800 10.0763
1801 10.3595
1802 10.4594
1803 10.1429
1804 10.469
1805 10.2514
1806 10.1526
1807 10.1787
1808 10.4833
1809 10.4144
1810 10.6999
1811 10.5836
1812 10.5008
1813 10.7848
1814 10.4726
1815 10.0623
1816 10.5232
1817 10.3776
1818 10.5255
1819 10.7134
1820 10.455
1821 10.2689
1822 10.6104
1823 10.2602
1824 10.1782
1825 10.5035
1826 9.81657
1827 9.74661
1828 9.8743
1829 9.85173
1830 9.96617
1831 9.95134
1832 9.87159
1833 10.2311
1834 10.4225
1835 10.732
1836 10.9477
1837 10.5762
1838 10.3774
1839 10.4179
1840 10.618
1841 10.3037
1842 10.3738
1843 10.1774
1844 10.3163
1845 10.3102
1846 10.28
1847 10.5113
1848 10.4961
1849 10.7237
1850 10.6114
1851 10.2681
1852 10.5273
1853 10.4687
1854 10.4706
1855 10.5484
1856 10.4067
1857 10.0584
1858 10.1864
1859 10.3965
1860 10.2114
1861 10.2572
1862 10.3827
1863 10.3112
1864 10.434
1865 10.4263
1866 10.2222
1867 10.3969
1868 10.5716
1869 10.3778
1870 10.109
1871 10.1991
1872 10.1855
1873 10.487
1874 10.5142
1875 10.5742
1876 10.5839
1877 10.8315
1878 11.072
1879 10.5493
1880 10.4983
1881 10.475
1882 10.2151
1883 10.4623
1884 10.6958
1885 10.7918
1886 11.1646
1887 10.995
1888 10.642
1889 11.1888
1890 10.2785
1891 10.0906
1892 10.3053
1893 10.4628
1894 10.8211
1895 10.9367
1896 10.7417
1897 10.8292
1898 10.7005
1899 10.6714
1900 10.8338
1901 11.0123
1902 10.6639
1903 10.5834
1904 10.7904
1905 10.5801
1906 10.9367
1907 10.8633
1908 10.9704
1909 10.9541
1910 11.1834
1911 11.1432
1912 10.7231
1913 10.7406
1914 10.651
1915 10.563
1916 11.262
1917 10.8914
1918 10.5436
1919 10.9693
1920 11.115
1921 10.6387
1922 10.1506
1923 10.5094
1924 10.291
1925 10.0831
1926 10.234
1927 10.1631
1928 9.91532
1929 10.3045
1930 9.92606
1931 9.83305
1932 9.88953
1933 10.2345
1934 10.4117
1935 10.51
1936 10.3554
1937 10.3032
1938 10.2568
1939 10.1157
1940 9.97139
1941 9.74033
1942 9.7476
1943 9.92849
1944 9.89453
1945 9.88302
1946 10.0924
1947 10.0333
1948 10.1808
1949 10.2868
1950 10.3222
1951 10.349
1952 10.5804
1953 10.3844
1954 10.4291
1955 10.1864
1956 10.6654
1957 10.4616
1958 10.3315
1959 10.4804
1960 10.3857
1961 10.6494
1962 10.5571
1963 10.5741
1964 10.6705
1965 10.1411
1966 9.95539
1967 10.1191
1968 10.4115
1969 10.2821
1970 10.0449
1971 10.124
1972 10.3205
1973 10.4414
1974 10.4291
1975 10.2724
1976 10.2605
1977 10.5303
1978 10.5682
1979 10.208
1980 10.2714
1981 10.2208
1982 10.1144
1983 10.1326
1984 9.94884
1985 10.0992
1986 10.1456
1987 10.1231
1988 10.2428
1989 10.1307
1990 10.289
1991 10.4359
1992 10.2131
1993 10.4383
1994 10.1729
1995 10.4967
1996 10.3924
1997 10.4506
1998 9.89729
1999 9.82755
2000 9.9412
