1 30.0055
2 28.4352
3 27.6792
4 27.4257
5 26.6078
6 25.7438
7 24.5017
8 23.7343
9 23.8114
10 23.2647
11 22.462
12 22.4046
13 22.0181
14 21.7349
15 21.2727
16 19.862
17 19.4118
18 19.1598
19 18.776
20 18.5056
21 17.7478
22 17.3543
23 17.0386
24 16.8092
25 16.8869
26 16.7288
27 16.4742
28 16.5302
29 16.1939
30 15.951
31 15.8763
32 16.109
33 15.934
34 16.4113
35 15.768
36 15.4169
37 15.3403
38 15.3864
39 15.4869
40 15.2336
41 15.7158
42 15.6608
43 15.3109
44 15.8296
45 15.4353
46 14.9834
47 14.6047
48 14.481
49 14.5902
50 14.4062
51 13.9856
52 14.2122
53 14.181
54 13.8274
55 13.8157
56 13.6843
57 13.7369
58 13.9872
59 13.6449
60 13.4958
61 13.2844
62 13.6123
63 13.2882
64 13.1239
65 13.1394
66 12.8896
67 12.9193
68 13.0213
69 13.5607
70 13.3817
71 13.0752
72 13.0251
73 12.9119
74 12.5691
75 12.7442
76 12.7634
77 13.0132
78 12.9753
79 13.0419
80 12.8062
81 12.3058
82 12.5198
83 12.3736
84 12.2455
85 12.2964
86 12.5779
87 12.7316
88 12.3814
89 12.4567
90 12.7621
91 12.2616
92 11.9455
93 11.883
94 11.9152
95 11.9042
96 11.8563
97 11.9616
98 11.8325
99 12.1486
100 12.0741
101 12.1949
102 11.9389
103 12.002
104 12.2405
105 12.4649
106 12.0748
107 12.2057
108 11.6762
109 11.4626
110 11.4347
111 10.9258
112 11.0381
113 10.9386
114 10.9696
115 11.2728
116 10.9587
117 10.7487
118 10.8286
119 10.891
120 11.0132
121 11.0005
122 11.1223
123 11.3134
124 11.6296
125 11.7104
126 11.9184
127 11.3912
128 12.0327
129 11.6415
130 11.2843
131 11.3772
132 11.4323
133 11.1012
134 11.0557
135 10.8216
136 10.8192
137 11.0424
138 10.8942
139 10.9908
140 11.069
141 11.3677
142 10.9714
143 11.1089
144 10.7675
145 10.5158
146 10.9323
147 10.728
148 10.7094
149 10.3512
150 10.7463
151 10.8127
152 10.6517
153 10.7743
154 10.5925
155 10.4151
156 10.2931
157 10.4049
158 10.2435
159 10.3513
160 10.5466
161 10.1968
162 10.1968
163 10.5726
164 10.5268
165 10.6794
166 10.4837
167 10.6671
168 10.8629
169 10.9694
170 10.8956
171 10.7651
172 10.9618
173 10.6123
174 10.6855
175 10.2106
176 10.1457
177 10.4115
178 10.253
179 10.8231
180 10.6725
181 11.1914
182 10.9937
183 10.9723
184 10.8681
185 10.8366
186 10.8535
187 10.2448
188 10.7008
189 10.7476
190 10.6661
191 10.911
192 10.8518
193 10.7226
194 11.1357
195 11.1915
196 10.7098
197 11.1608
198 10.7754
199 11.1476
200 11.191
201 11.4003
202 11.0357
203 11.4769
204 11.1385
205 10.8779
206 11.1899
207 11.6222
208 11.2584
209 11.4719
210 11.0601
211 10.7873
212 10.9924
213 10.6378
214 10.3217
215 10.4322
216 10.543
217 10.7344
218 10.4193
219 10.7078
220 10.6531
221 10.4717
222 10.6807
223 10.3738
224 10.2148
225 10.2524
226 10.1779
227 10.347
228 10.4518
229 10.3601
230 10.2578
231 10.3242
232 10.1816
233 10.6342
234 10.6457
235 10.6566
236 10.2821
237 10.0701
238 10.1663
239 10.1053
240 10.1952
241 10.4149
242 10.1821
243 10.3291
244 10.5651
245 10.8171
246 10.7486
247 10.7963
248 10.4891
249 10.2977
250 10.1546
251 9.99197
252 9.9592
253 9.79589
254 9.76615
255 9.80218
256 10.0578
257 9.98963
258 9.96022
259 10.3783
260 10.0097
261 10.496
262 10.5299
263 10.2792
264 10.4057
265 10.8252
266 10.5373
267 10.4805
268 10.0583
269 10.0191
270 10.4843
271 10.3835
272 10.4064
273 10.5218
274 10.3313
275 10.4219
276 10.3549
277 10.589
278 10.6087
279 10.2398
280 10.3882
281 10.3116
282 10.1096
283 10.1959
284 9.94489
285 9.95508
286 9.85576
287 10.2025
288 10.0464
289 10.3368
290 10.1769
291 10.3035
292 10.6906
293 10.7253
294 11.147
295 10.8486
296 10.0559
297 9.96479
298 9.98902
299 10.301
300 10.1904
301 9.87403
302 10.111
303 10.2913
304 9.94633
305 10.1415
306 10.1455
307 9.90328
308 10.1089
309 10.5403
310 10.5116
311 10.3129
312 10.398
313 10.3293
314 10.1119
315 10.3601
316 10.1291
317 10.1689
318 10.2805
319 10.4953
320 10.6093
321 10.2554
322 10.1533
323 10.5445
324 10.29
325 10.4489
326 10.7553
327 10.6044
328 10.5766
329 10.4785
330 10.7665
331 10.2863
332 10.1962
333 10.2454
334 10.2026
335 10.1881
336 9.81864
337 9.75247
338 9.80621
339 10.0464
340 10.0989
341 10.0426
342 9.74441
343 10.0474
344 10.128
345 10.0053
346 10.0497
347 9.94352
348 10.0274
349 10.2518
350 10.5204
351 11.0457
352 10.8171
353 10.1687
354 10.2685
355 10.2294
356 9.99071
357 10.3679
358 10.4784
359 10.625
360 10.6922
361 10.5321
362 10.6003
363 10.4953
364 10.8369
365 11.013
366 10.7302
367 10.5323
368 10.1333
369 10.463
370 10.2994
371 10.3236
372 10.7944
373 10.5833
374 10.005
375 9.92458
376 9.73536
377 10.174
378 10.2337
379 10.4475
380 9.95766
381 9.99222
382 10.4395
383 10.3015
384 10.3173
385 10.7782
386 10.4717
387 10.1054
388 10.022
389 10.0706
390 10.2871
391 10.3938
392 10.4016
393 10.4891
394 10.4039
395 10.6272
396 10.7277
397 10.3781
398 10.2524
399 11.0166
400 11.0214
401 10.6007
402 10.2511
403 10.1048
404 9.96562
405 9.77531
406 9.9828
407 9.9044
408 10.1154
409 10.5944
410 11.0012
411 10.788
412 10.1901
413 10.6075
414 10.2256
415 10.6108
416 10.4163
417 10.3512
418 10.199
419 10.2518
420 10.4684
421 10.4651
422 10.5846
423 10.2822
424 10.4433
425 10.5979
426 10.7231
427 10.5145
428 10.693
429 10.3241
430 10.0747
431 10.306
432 10.1881
433 10.4025
434 10.1839
435 10.2567
436 9.83489
437 10.0131
438 9.98287
439 10.014
440 10.1806
441 10.0468
442 10.2876
443 10.2214
444 10.2743
445 10.1728
446 9.71911
447 9.7651
448 10.1951
449 10.9209
450 10.7776
451 10.8984
452 10.7333
453 10.8909
454 10.6486
455 10.7599
456 10.5312
457 10.4279
458 10.6448
459 10.8708
460 10.583
461 10.4791
462 10.1644
463 10.315
464 10.3877
465 10.6477
466 10.7987
467 10.3706
468 11.2138
469 10.0894
470 10.2029
471 10.1903
472 10.3483
473 10.7535
474 11.0304
475 10.347
476 10.4692
477 10.4356
478 10.4419
479 11.1764
480 11.0919
481 10.8346
482 11.1374
483 10.6848
484 10.7568
485 10.8351
486 10.5567
487 10.357
488 10.1676
489 10.4155
490 10.5489
491 10.5194
492 10.5048
493 10.7008
494 10.7221
495 10.4475
496 10.4955
497 10.4407
498 10.7215
499 10.5313
500 11.0063
501 11.0919
502 10.7603
503 10.3628
504 10.9895
505 10.6033
506 10.4916
507 10.03
508 10.1871
509 10.1957
510 10.099
511 10.3089
512 10.2147
513 10.2264
514 10.136
515 10.6541
516 10.4919
517 10.5365
518 10.2235
519 10.043
520 10.2624
521 10.2518
522 9.94351
523 10.1018
524 9.97639
525 10.5417
526 9.93498
527 10.153
528 10.241
529 10.4974
530 10.5711
531 10.1615
532 10.3384
533 10.4238
534 10.1654
535 9.97229
536 10.3118
537 10.2995
538 9.99858
539 10.3016
540 9.99337
541 10.0284
542 10.4082
543 10.5941
544 11.3483
545 11.1581
546 10.4985
547 10.5028
548 10.6035
549 10.3499
550 10.5716
551 10.7732
552 10.7677
553 10.4809
554 9.86895
555 10.1925
556 10.284
557 10.6492
558 10.6907
559 10.7846
560 11.3667
561 11.2912
562 11.1518
563 10.7872
564 10.8095
565 10.0158
566 10.4858
567 10.9915
568 11.1695
569 10.7098
570 10.7167
571 10.7293
572 10.5319
573 10.3145
574 10.1533
575 10.2253
576 10.2743
577 10.6038
578 10.2502
579 10.5036
580 10.5584
581 10.5585
582 10.9543
583 10.6508
584 10.3132
585 10.8429
586 10.7323
587 10.7349
588 10.6619
589 10.2715
590 9.94914
591 10.2037
592 10.055
593 10.1092
594 9.83567
595 9.88083
596 9.76672
597 9.83209
598 9.96623
599 10.5561
600 10.532
601 10.7169
602 10.5597
603 10.6777
604 10.5809
605 10.2608
606 10.0471
607 9.81641
608 10.271
609 10.2992
610 10.204
611 10.2555
612 9.90265
613 10.1524
614 10.125
615 10.0778
616 10.1483
617 10.9495
618 11.0975
619 10.7975
620 10.4252
621 10.0494
622 10.1711
623 10.2873
624 10.424
625 10.2056
626 10.3235
627 9.92596
628 9.85814
629 9.80845
630 10.113
631 10.4747
632 10.2191
633 10.0216
634 10.2589
635 10.6239
636 11.4982
637 11.1126
638 10.9829
639 10.9694
640 10.8361
641 11.2234
642 10.8583
643 10.7688
644 10.6226
645 10.3476
646 10.7815
647 10.3896
648 10.3911
649 10.385
650 10.1806
651 10.4985
652 10.5077
653 10.3054
654 10.3566
655 10.5184
656 10.4101
657 10.3888
658 10.2325
659 10.6981
660 10.1387
661 10.3182
662 10.0379
663 10.2156
664 10.2469
665 10.1464
666 10.8068
667 10.5596
668 10.5062
669 10.5084
670 10.1603
671 10.5133
672 10.7484
673 10.5103
674 10.6628
675 10.6166
676 11.1423
677 11.176
678 11.1731
679 10.8336
680 10.5343
681 10.2713
682 10.5576
683 10.3936
684 10.4835
685 10.7642
686 10.8082
687 10.6954
688 10.6662
689 10.4706
690 10.8267
691 11.0075
692 10.3908
693 10.0417
694 10.1515
695 10.4386
696 10.0465
697 9.95258
698 9.90687
699 10.1856
700 9.94067
701 10.181
702 10.1297
703 10.2573
704 9.88268
705 10.1112
706 9.91752
707 10.1502
708 10.2077
709 10.3882
710 9.91808
711 10.2132
712 10.1036
713 10.486
714 10.4491
715 10.1043
716 10.1004
717 10.0562
718 10.5449
719 10.8635
720 10.5894
721 10.3465
722 10.3498
723 10.2422
724 10.3512
725 10.2715
726 10.2332
727 10.1744
728 10.386
729 10.7821
730 10.3567
731 10.7587
732 11.252
733 11.0456
734 10.7989
735 10.5488
736 10.4408
737 10.6078
738 10.86
739 10.6293
740 10.7998
741 10.8258
742 10.8018
743 10.6609
744 10.0603
745 10.0959
746 9.95959
747 9.95661
748 10.6759
749 9.94705
750 9.79854
751 9.75371
752 9.83958
753 9.87914
754 9.96296
755 10.2318
756 9.94433
757 10.1209
758 10.4993
759 10.2868
760 10.2015
761 10.6629
762 10.4039
763 10.5027
764 10.4498
765 10.0439
766 10.5291
767 10.437
768 10.1056
769 10.1947
770 9.89588
771 9.85655
772 10.0481
773 10.1643
774 10.1071
775 10.3032
776 10.1128
777 10.2993
778 10.4378
779 10.118
780 9.92323
781 9.9857
782 9.99322
783 10.1186
784 10.0986
785 10.0676
786 10.1502
787 10.1697
788 10.1696
789 10.1564
790 10.0035
791 10.1533
792 10.2344
793 10.4096
794 10.2252
795 10.4887
796 10.2627
797 10.2231
798 10.3252
799 10.5737
800 10.6565
801 10.5671
802 10.2966
803 10.5057
804 10.6665
805 10.6469
806 10.3429
807 10.6908
808 10.6144
809 10.7016
810 10.341
811 10.2087
812 10.0982
813 10.0542
814 10.1827
815 10.6395
816 10.9081
817 11.1082
818 10.8128
819 10.7877
820 10.4196
821 10.7236
822 10.4911
823 10.44
824 10.0661
825 9.76144
826 10.1317
827 10.4472
828 10.3265
829 10.4736
830 10.2936
831 10.4637
832 10.0057
833 10.0323
834 10.1461
835 9.89091
836 10.1292
837 10.0869
838 10.2497
839 10.4331
840 10.3485
841 9.98733
842 9.97066
843 9.86778
844 9.9581
845 10.3212
846 10.2579
847 10.4224
848 10.43
849 10.3277
850 10.3573
851 10.2617
852 10.4076
853 9.98156
854 9.91135
855 10.3137
856 10.5019
857 10.4547
858 10.3873
859 11.3491
860 11.2536
861 11.8712
862 12.3649
863 11.9873
864 11.4741
865 11.1016
866 10.3029
867 10.5962
868 10.3677
869 10.5928
870 10.5434
871 10.6188
872 10.6939
873 11.182
874 10.9016
875 10.6137
876 10.8996
877 10.6051
878 11.0147
879 11.0291
880 10.8256
881 10.6447
882 10.3911
883 10.1418
884 10.0844
885 10.1253
886 10.354
887 10.2223
888 10.4587
889 10.8041
890 10.9089
891 10.6908
892 10.3381
893 10.2193
894 10.2837
895 10.1049
896 10.097
897 10.2976
898 10.6909
899 10.3175
900 10.0486
901 10.2213
902 10.0419
903 10.0831
904 9.99903
905 9.96725
906 10.5809
907 10.9265
908 10.6949
909 10.0752
910 10.4851
911 10.3766
912 10.2951
913 10.0926
914 10.0896
915 10.3904
916 10.3408
917 10.2162
918 10.4695
919 10.2599
920 10.087
921 10.2496
922 10.4372
923 10.7714
924 10.3778
925 10.2533
926 9.95168
927 9.80438
928 9.80686
929 10.241
930 10.2602
931 10.1829
932 10.3943
933 10.4645
934 10.3542
935 10.9559
936 10.7904
937 11.1715
938 11.035
939 10.7438
940 10.6338
941 10.2273
942 10.2649
943 10.3973
944 10.1404
945 10.056
946 10.2009
947 9.99813
948 10.2628
949 10.2879
950 10.3723
951 10.3909
952 10.2341
953 10.5075
954 10.3782
955 10.5754
956 10.1328
957 10.2367
958 10.3222
959 10.6068
960 10.4975
961 10.8561
962 10.198
963 10.1742
964 10.0745
965 10.41
966 10.5895
967 10.4738
968 10.0584
969 10.085
970 9.83098
971 10.3728
972 10.5874
973 10.3887
974 10.8743
975 10.6002
976 10.0979
977 10.0818
978 9.97068
979 10.342
980 10.1099
981 10.2748
982 10.7266
983 10.7754
984 10.1357
985 10.0503
986 10.0863
987 10.3818
988 10.2669
989 10.4615
990 10.275
991 10.148
992 10.1335
993 10.0759
994 10.1239
995 10.3637
996 10.5062
997 10.3853
998 10.421
999 10.4489
1000 10.1673
1001 10.2718
1002 10.1667
1003 10.3844
1004 10.2824
1005 10.1355
1006 10.5407
1007 10.8604
1008 10.4802
1009 10.6135
1010 10.2335
1011 10.3926
1012 10.5705
1013 10.4927
1014 10.7886
1015 10.8098
1016 10.6178
1017 10.632
1018 10.8008
1019 10.828
1020 10.966
1021 10.954
1022 10.6437
1023 11.0589
1024 10.3576
1025 10.2103
1026 10.5674
1027 9.85499
1028 10.1394
1029 10.1663
1030 10.093
1031 10.1435
1032 10.1188
1033 10.295
1034 10.0292
1035 10.0504
1036 10.1984
1037 10.2003
1038 10.0367
1039 10.1202
1040 10.0827
1041 10.3607
1042 10.3781
1043 10.5356
1044 10.8138
1045 10.3738
1046 10.4357
1047 10.0797
1048 10.3289
1049 10.307
1050 10.3911
1051 9.98926
1052 10.2465
1053 10.1806
1054 10.0489
1055 10.0194
1056 9.9681
1057 9.90842
1058 9.9091
1059 9.93381
1060 10.1296
1061 10.2888
1062 10.5071
1063 10.2794
1064 10.3298
1065 10.2667
1066 9.94244
1067 10.0845
1068 10.245
1069 10.2665
1070 10.6105
1071 10.3933
1072 10.4457
1073 10.2617
1074 10.284
1075 10.1365
1076 10.0963
1077 10.307
1078 10.2991
1079 10.127
1080 10.5567
1081 10.0867
1082 10.2349
1083 10.1586
1084 10.24
1085 10.3525
1086 10.098
1087 10.2597
1088 10.3804
1089 10.5562
1090 10.3893
1091 10.3972
1092 10.721
1093 10.5007
1094 10.3785
1095 10.1217
1096 10.446
1097 10.4827
1098 10.4183
1099 10.6171
1100 10.1014
1101 10.084
1102 10.2661
1103 10.1829
1104 10.4261
1105 10.4526
1106 10.237
1107 10.5137
1108 10.1545
1109 10.2886
1110 10.0776
1111 9.83748
1112 10.345
1113 10.2585
1114 10.2229
1115 10.2781
1116 10.4029
1117 10.6753
1118 10.3451
1119 10.7165
1120 10.8011
1121 10.4816
1122 10.4027
1123 10.3311
1124 10.028
1125 9.92007
1126 10.2297
1127 10.1942
1128 10.3482
1129 10.3463
1130 10.2514
1131 10.0778
1132 10.0457
1133 10.3354
1134 10.2638
1135 10.5137
1136 10.6959
1137 10.6701
1138 10.5829
1139 10.4719
1140 10.0956
1141 10.0549
1142 9.76721
1143 10.3783
1144 10.4502
1145 10.0686
1146 9.89775
1147 10.1768
1148 9.96704
1149 10.128
1150 10.0567
1151 10.5318
1152 10.5692
1153 10.3778
1154 10.5647
1155 10.48
1156 10.2842
1157 10.0377
1158 10.3218
1159 10.2801
1160 10.189
1161 10.1416
1162 10.1754
1163 10.3433
1164 10.3261
1165 10.2259
1166 10.2527
1167 10.4151
1168 10.1001
1169 10.2205
1170 10.4472
1171 10.695
1172 10.6044
1173 10.4709
1174 9.99253
1175 10.0662
1176 9.93124
1177 10.5772
1178 10.1402
1179 9.91165
1180 9.93145
1181 10.0128
1182 10.0613
1183 9.95619
1184 10.0278
1185 10.3969
1186 10.1742
1187 10.1569
1188 10.3309
1189 10.0355
1190 10.4268
1191 10.5177
1192 10.6068
1193 11.0757
1194 10.9107
1195 11.0885
1196 10.3847
1197 10.103
1198 10.6909
1199 10.4479
1200 10.2321
1201 9.95566
1202 10.6194
1203 10.1628
1204 10.1619
1205 10.0872
1206 10.1403
1207 10.1617
1208 10.2407
1209 10.1344
1210 10.347
1211 10.3959
1212 10.3665
1213 10.8139
1214 10.8709
1215 11.1404
1216 10.634
1217 10.4128
1218 10.6174
1219 10.4817
1220 10.7447
1221 10.6684
1222 10.6139
1223 10.7676
1224 10.1038
1225 10.5208
1226 10.4798
1227 10.4627
1228 10.4366
1229 10.4662
1230 10.6508
1231 10.6066
1232 10.8304
1233 10.5811
1234 10.5109
1235 10.5993
1236 10.4651
1237 10.7688
1238 10.7352
1239 10.4745
1240 10.3532
1241 10.5894
1242 10.7872
1243 10.7736
1244 10.8971
1245 10.2562
1246 10.5335
1247 10.7514
1248 10.5006
1249 10.2182
1250 10.1599
1251 10.1306
1252 10.2233
1253 10.0228
1254 10.4521
1255 10.3864
1256 10.3196
1257 10.1064
1258 10.0188
1259 9.92401
1260 10.1004
1261 10.3291
1262 10.0623
1263 10.1318
1264 10.5321
1265 10.2271
1266 10.236
1267 10.2219
1268 10.4985
1269 10.3738
1270 10.5868
1271 10.5926
1272 10.5055
1273 10.209
1274 10.21
1275 10.0717
1276 10.224
1277 10.2613
1278 10.1105
1279 10.4057
1280 10.0075
1281 10.0558
1282 10.1171
1283 10.4635
1284 10.9864
1285 10.2357
1286 10.4574
1287 10.4434
1288 10.572
1289 10.9046
1290 10.4699
1291 10.2758
1292 10.3023
1293 10.3531
1294 10.2785
1295 10.2977
1296 10.3643
1297 10.1459
1298 10.3992
1299 11.2484
1300 11.2744
1301 10.6236
1302 10.4759
1303 10.205
1304 10.3648
1305 10.7058
1306 10.7806
1307 10.8502
1308 10.6634
1309 10.1977
1310 10.3304
1311 10.5256
1312 10.7867
1313 10.8986
1314 10.454
1315 10.8029
1316 10.467
1317 10.2037
1318 10.181
1319 10.4443
1320 10.7455
1321 10.6336
1322 10.2999
1323 9.94444
1324 9.91745
1325 9.84375
1326 9.77325
1327 9.84487
1328 10.005
1329 9.73405
1330 9.77473
1331 9.86513
1332 10.1286
1333 10.1599
1334 10.4045
1335 10.4884
1336 10.936
1337 10.5391
1338 10.6041
1339 10.2114
1340 10.2418
1341 10.4335
1342 10.815
1343 10.5459
1344 10.6817
1345 11.0458
1346 11.0563
1347 10.8232
1348 10.3522
1349 10.3893
1350 10.0904
1351 10.3617
1352 10.2635
1353 9.93466
1354 10.3845
1355 10.3329
1356 10.0864
1357 10.2668
1358 10.0582
1359 10.0791
1360 10.2748
1361 10.423
1362 10.5883
1363 10.1881
1364 10.0884
1365 10.085
1366 10.3402
1367 10.4068
1368 10.37
1369 10.4121
1370 10.318
1371 10.4698
1372 10.2471
1373 10.1407
1374 10.3719
1375 10.667
1376 10.7271
1377 10.8332
1378 10.3453
1379 10.4658
1380 10.0296
1381 10.2384
1382 10.2616
1383 10.8988
1384 10.7689
1385 10.6649
1386 10.6788
1387 10.6786
1388 10.3866
1389 10.953
1390 10.5892
1391 10.3775
1392 10.7689
1393 10.8062
1394 11.0846
1395 11.2124
1396 10.5393
1397 10.279
1398 10.4864
1399 10.5548
1400 10.3071
1401 10.1729
1402 10.2095
1403 10.6998
1404 10.7205
1405 10.4708
1406 10.8601
1407 10.765
1408 10.4956
1409 10.1472
1410 10.1451
1411 10.3211
1412 10.1738
1413 9.91352
1414 10.5019
1415 10.9451
1416 10.8362
1417 10.949
1418 10.1732
1419 10.1433
1420 10.2653
1421 10.391
1422 10.136
1423 10.1753
1424 10.1962
1425 10.1049
1426 9.95303
1427 10.008
1428 9.8002
1429 9.83562
1430 10.5228
1431 10.6055
1432 10.656
1433 10.6744
1434 10.8735
1435 10.9118
1436 11.0405
1437 11.2269
1438 11.1626
1439 10.3956
1440 10.0102
1441 10.3252
1442 10.6203
1443 10.7772
1444 10.3926
1445 10.2545
1446 10.4605
1447 10.4117
1448 10.5665
1449 10.6255
1450 10.7775
1451 10.863
1452 11.1616
1453 10.9329
1454 10.627
1455 10.544
1456 10.0698
1457 10.1796
1458 10.2781
1459 10.1918
1460 10.2494
1461 9.97152
1462 10.0858
1463 10.0145
1464 10.3001
1465 10.4488
1466 9.85559
1467 10.1401
1468 10.2267
1469 10.6466
1470 10.4065
1471 10.637
1472 10.1047
1473 9.96344
1474 10.056
1475 10.1001
1476 10.3521
1477 10.1387
1478 10.0893
1479 10.0827
1480 10.3263
1481 10.2096
1482 10.0928
1483 10.333
1484 10.5123
1485 10.3464
1486 10.2372
1487 10.1939
1488 10.0509
1489 10.1104
1490 10.0761
1491 10.1961
1492 10.2531
1493 10.3227
1494 10.3147
1495 10.154
1496 10.1249
1497 10.3664
1498 10.4977
1499 10.5973
1500 10.0631
1501 10.1968
1502 9.98193
1503 10.051
1504 9.99432
1505 10.6809
1506 10.3084
1507 10.2216
1508 9.92119
1509 9.93153
1510 10.3269
1511 10.2066
1512 10.2758
1513 10.3641
1514 10.4107
1515 10.4622
1516 10.4787
1517 10.5431
1518 10.7064
1519 10.9915
1520 10.9151
1521 10.5266
1522 10.358
1523 10.1966
1524 10.3178
1525 10.5769
1526 10.5407
1527 10.6
1528 10.4379
1529 10.1349
1530 10.0587
1531 10.527
1532 10.3285
1533 10.5016
1534 10.5501
1535 10.0206
1536 10.3883
1537 10.0395
1538 10.2393
1539 10.4308
1540 10.3334
1541 10.2359
1542 10.2739
1543 10.1364
1544 10.1081
1545 10.0128
1546 10.4687
1547 9.95833
1548 10.224
1549 10.1954
1550 10.179
1551 10.1804
1552 10.6837
1553 10.5894
1554 10.4233
1555 10.3572
1556 10.1358
1557 10.3055
1558 10.1909
1559 10.2226
1560 10.2704
1561 10.8377
1562 10.8857
1563 10.573
1564 10.3169
1565 10.8815
1566 11.4495
1567 10.8068
1568 10.1502
1569 10.8915
1570 10.7678
1571 10.8073
1572 10.7627
1573 10.5698
1574 10.6741
1575 10.5062
1576 10.3242
1577 10.2182
1578 10.4967
1579 10.3765
1580 10.2489
1581 10.5402
1582 10.6732
1583 10.7579
1584 10.865
1585 10.4751
1586 10.5551
1587 10.5071
1588 10.4361
1589 10.4354
1590 10.3244
1591 10.2768
1592 10.3152
1593 10.5518
1594 10.5755
1595 10.6293
1596 10.8732
1597 10.5144
1598 10.3233
1599 10.2014
1600 9.86562
1601 10.4562
1602 10.3198
1603 10.7085
1604 10.64
1605 10.4251
1606 10.3547
1607 10.3678
1608 10.2055
1609 10.3984
1610 10.1144
1611 10.0393
1612 10.0474
1613 10.4196
1614 10.445
1615 10.115
1616 10.0633
1617 10.7074
1618 10.4764
1619 10.2916
1620 10.182
1621 10.1178
1622 10.0735
1623 10.0723
1624 10.0821
1625 10.1604
1626 9.95947
1627 10.0928
1628 10.2272
1629 10.2389
1630 9.9598
1631 9.97598
1632 10.1325
1633 10.1488
1634 10.0183
1635 10.3032
1636 10.3837
1637 10.6298
1638 10.7197
1639 11.3916
1640 10.5609
1641 10.4784
1642 10.3086
1643 10.2049
1644 10.481
1645 10.0414
1646 10.4555
1647 10.209
1648 10.3956
1649 10.0532
1650 10.333
1651 10.5954
1652 10.4949
1653 10.2723
1654 10.0606
1655 10.2447
1656 10.4629
1657 10.2801
1658 10.2905
1659 10.5896
1660 10.0233
1661 10.1404
1662 10.3286
1663 10.5723
1664 10.0214
1665 10.1084
1666 10.2662
1667 10.224
1668 10.2843
1669 10.0275
1670 10.1957
1671 10.005
1672 10.3094
1673 10.0468
1674 10.4095
1675 10.3588
1676 10.5523
1677 9.873
1678 9.917
1679 10.2876
1680 10.2114
1681 10.1604
1682 10.2558
1683 10.0161
1684 9.80771
1685 10.2136
1686 10.5103
1687 10.2927
1688 10.1601
1689 9.83191
1690 9.859
1691 9.95877
1692 10.5349
1693 10.3364
1694 10.4313
1695 10.2867
1696 10.5021
1697 10.8866
1698 10.8558
1699 10.5907
1700 10.5388
1701 10.5733
1702 10.4383
1703 10.6095
1704 10.493
1705 10.3436
1706 9.89914
1707 10.2124
1708 10.4215
1709 10.2475
1710 10.2459
1711 10.2522
1712 10.3311
1713 10.1856
1714 10.3525
1715 10.4433
1716 10.5683
1717 11.0268
1718 10.8337
1719 10.6418
1720 10.7271
1721 10.6856
1722 10.4518
1723 10.459
1724 10.3078
1725 10.3729
1726 10.0852
1727 10.29
1728 10.2101
1729 10.2226
1730 10.5438
1731 10.7234
1732 11.1227
1733 10.7788
1734 10.567
1735 10.8591
1736 10.5158
1737 10.505
1738 10.2732
1739 10.2772
1740 10.1577
1741 10.1352
1742 10.2257
1743 10.1348
1744 10.0042
1745 10.229
1746 10.7131
1747 10.5647
1748 10.0704
1749 9.95523
1750 9.93952
1751 10.3317
1752 10.2437
1753 10.4981
1754 10.1176
1755 10.0229
1756 9.98568
1757 10.2182
1758 10.2059
1759 10.6015
1760 10.8597
1761 10.9059
1762 10.5137
1763 10.3171
1764 10.344
1765 10.3882
1766 10.2643
1767 10.1536
1768 10.2441
1769 10.2631
1770 9.96336
1771 10.0583
1772 10.2456
1773 10.594
1774 10.3962
1775 10.236
1776 10.6606
1777 10.9888
1778 11.1645
1779 11.2252
1780 11.1245
1781 10.6051
1782 10.1394
1783 10.5432
1784 10.4397
1785 10.7196
1786 10.9334
1787 10.2898
1788 10.4324
1789 10.6289
1790 10.524
1791 10.9291
1792 10.8057
1793 11.0391
1794 10.5441
1795 10.7451
1796 10.3906
1797 10.3844
1798 10.5151
1799 10.2305
1800 10.2656
1801 10.0917
1802 10.0713
1803 9.79786
1804 9.80516
1805 9.84678
1806 10.082
1807 10.2497
1808 10.3306
1809 10.2782
1810 10.2087
1811 10.1517
1812 10.3769
1813 10.7425
1814 11.0802
1815 11.0474
1816 10.9061
1817 10.3153
1818 10.039
1819 10.1291
1820 10.11
1821 10.0897
1822 10.1671
1823 10.3677
1824 10.7016
1825 10.5395
1826 10.2327
1827 10.2509
1828 10.057
1829 10.0933
1830 10.4025
1831 10.5427
1832 11.1124
1833 11.1433
1834 10.6053
1835 10.0973
1836 10.1005
1837 10.1866
1838 10.3134
1839 10.2443
1840 10.8102
1841 10.25
1842 10.0606
1843 10.0048
1844 10.1719
1845 10.4099
1846 10.1503
1847 10.4497
1848 10.3661
1849 10.6946
1850 10.5737
1851 10.6318
1852 10.2386
1853 10.5221
1854 10.2304
1855 10.2732
1856 10.4953
1857 10.5106
1858 10.2576
1859 10.2318
1860 10.258
1861 10.2246
1862 10.1731
1863 10.1987
1864 10.1473
1865 10.0487
1866 9.94009
1867 9.90889
1868 10.266
1869 10.662
1870 10.7189
1871 11.1327
1872 11.1748
1873 11.1442
1874 11.1881
1875 11.3873
1876 11.2005
1877 10.5686
1878 11.0339
1879 11.0667
1880 10.3784
1881 10.4865
1882 10.774
1883 10.9546
1884 10.6447
1885 10.3485
1886 10.2602
1887 10.1377
1888 10.2714
1889 10.1557
1890 10.2546
1891 10.2744
1892 10.3849
1893 10.1735
1894 10.0754
1895 10.3952
1896 10.2773
1897 10.8379
1898 10.1919
1899 10.2157
1900 10.7852
1901 10.4292
1902 10.1362
1903 9.78163
1904 10.0885
1905 10.1855
1906 10.438
1907 10.3557
1908 10.4876
1909 10.7269
1910 10.8146
1911 10.5256
1912 10.2282
1913 10.2293
1914 10.4871
1915 11.1445
1916 11.0579
1917 11.1324
1918 11.5597
1919 10.9829
1920 10.8844
1921 11.0505
1922 10.6201
1923 10.7644
1924 10.6394
1925 10.8783
1926 10.7416
1927 10.9529
1928 10.146
1929 10.0035
1930 10.4136
1931 10.1818
1932 10.5465
1933 10.8005
1934 10.5452
1935 10.7809
1936 10.7666
1937 10.4425
1938 10.7855
1939 10.7282
1940 10.4054
1941 10.2526
1942 10.0337
1943 9.8949
1944 9.87737
1945 9.95183
1946 9.95723
1947 9.97431
1948 10.1215
1949 9.91234
1950 10.1136
1951 10.2202
1952 10.2619
1953 9.97969
1954 9.82671
1955 9.83313
1956 9.79533
1957 10.1366
1958 10.1908
1959 10.436
1960 10.5974
1961 10.385
1962 10.5997
1963 10.2761
1964 10.6366
1965 10.6167
1966 10.3206
1967 10.7758
1968 10.5757
1969 10.4898
1970 10.7369
1971 10.5882
1972 10.1785
1973 10.6256
1974 10.5322
1975 10.6008
1976 10.6205
1977 9.99914
1978 9.84103
1979 10.0404
1980 10.2512
1981 9.97342
1982 10.2677
1983 10.465
1984 10.1882
1985 10.3315
1986 10.582
1987 10.6797
1988 10.499
1989 10.5153
1990 10.4045
1991 10.8704
1992 10.8061
1993 11.2779
1994 10.9696
1995 11.061
1996 11.3724
1997 10.9391
1998 10.79
1999 10.9036
2000 10.9099
