1 26.7238
2 25.5537
3 23.5362
4 23.5362
5 22.4464
6 22.4464
7 21.7026
8 21.4961
9 20.959
10 21.0466
11 20.4995
12 20.1895
13 19.8218
14 19.4104
15 19.4104
16 19.2988
17 19.2486
18 18.5246
19 18.5246
20 17.5446
21 17.5446
22 17.4863
23 17.4863
24 16.9829
25 16.9829
26 16.8017
27 16.8017
28 16.264
29 16.0794
30 15.2861
31 15.2071
32 15.2071
33 15.0335
34 14.729
35 14.729
36 14.729
37 14.729
38 14.729
39 14.4131
40 14.6313
41 14.6313
42 14.266
43 14.2482
44 14.0991
45 13.9246
46 13.8836
47 13.8836
48 13.6947
49 13.6947
50 13.6603
51 13.2235
52 12.8191
53 12.7355
54 12.7355
55 12.714
56 12.714
57 12.714
58 12.714
59 12.714
60 12.714
61 12.714
62 12.714
63 12.5842
64 12.5842
65 12.5842
66 12.507
67 12.3772
68 12.3772
69 12.3367
70 12.2218
71 12.2218
72 12.0013
73 12.0013
74 12.0013
75 12.0013
76 12.0013
77 12.0013
78 12.0013
79 11.9495
80 11.7662
81 11.5307
82 11.5307
83 11.3238
84 11.3238
85 11.3238
86 11.3238
87 11.3238
88 11.3238
89 11.3238
90 11.3238
91 11.1593
92 11.1593
93 11.1593
94 11.1593
95 11.1593
96 11.1593
97 11.1593
98 11.1593
99 11.1593
100 11.0376
101 11.0376
102 11.0376
103 11.0376
104 11.0376
105 11.0376
106 11.0376
107 11.0376
108 11.0376
109 11.0376
110 10.5376
111 10.5376
112 10.5376
113 10.5376
114 10.5376
115 10.5376
116 10.5376
117 10.5376
118 10.5376
119 10.4713
120 10.5376
121 10.5376
122 10.5376
123 10.5376
124 10.4593
125 10.4593
126 10.4593
127 10.4593
128 10.4593
129 10.4593
130 10.3094
131 10.3094
132 10.3094
133 10.3094
134 10.3094
135 10.3094
136 10.3094
137 10.3094
138 10.3094
139 10.3094
140 10.3094
141 10.2799
142 10.1797
143 10.1797
144 10.1797
145 10.1797
146 10.1797
147 10.1797
148 10.1797
149 10.1797
150 10.1797
151 10.1797
152 10.1797
153 10.1797
154 10.1797
155 10.1797
156 10.0571
157 10.0571
158 10.0571
159 10.0571
160 10.0571
161 10.0571
162 10.0571
163 10.0571
164 10.0571
165 10.0571
166 10.0571
167 10.0571
168 10.0571
169 10.0571
170 10.0571
171 10.0571
172 10.0571
173 10.0571
174 10.0571
175 10.0571
176 10.0571
177 10.0571
178 10.0571
179 10.0571
180 10.0571
181 10.0571
182 10.0571
183 10.0571
184 10.0571
185 10.0571
186 10.0571
187 10.0571
188 10.0571
189 10.0571
190 10.0571
191 10.0571
192 10.0571
193 10.0571
194 10.0571
195 10.0571
196 9.70715
197 9.70715
198 9.70715
199 9.70715
200 9.70715
201 9.70715
202 9.70715
203 9.70715
204 9.70715
205 9.70715
206 9.70715
207 9.70715
208 9.70715
209 9.70715
210 9.70715
211 9.70715
212 9.70715
213 9.70715
214 9.70715
215 9.70715
216 9.70715
217 9.70715
218 9.70715
219 9.70715
220 9.70715
221 9.70715
222 9.70715
223 9.70715
224 9.70715
225 9.70715
226 9.70715
227 9.70715
228 9.70715
229 9.70715
230 9.70715
231 9.70715
232 9.70715
233 9.70715
234 9.70715
235 9.70715
236 9.70715
237 9.70715
238 9.70715
239 9.70715
240 9.70715
241 9.70715
242 9.70715
243 9.70715
244 9.70715
245 9.70715
246 9.70715
247 9.70715
248 9.70715
249 9.70715
250 9.70715
251 9.70715
252 9.70715
253 9.70715
254 9.70715
255 9.70715
256 9.70715
257 9.70715
258 9.70715
259 9.70715
260 9.70715
261 9.70715
262 9.70715
263 9.70715
264 9.70715
265 9.70715
266 9.70715
267 9.70715
268 9.70715
269 9.70715
270 9.70715
271 9.70715
272 9.70715
273 9.70715
274 9.70715
275 9.70715
276 9.70715
277 9.70715
278 9.70715
279 9.70715
280 9.70715
281 9.70715
282 9.70715
283 9.70715
284 9.70715
285 9.70715
286 9.70715
287 9.70715
288 9.70715
289 9.70715
290 9.70715
291 9.70715
292 9.70715
293 9.70715
294 9.70715
295 9.70715
296 9.70715
297 9.70715
298 9.70715
299 9.70715
300 9.70715
301 9.70715
302 9.70715
303 9.70715
304 9.70715
305 9.70715
306 9.70715
307 9.70715
308 9.70715
309 9.70715
310 9.70715
311 9.70715
312 9.70715
313 9.70715
314 9.70715
315 9.70715
316 9.70715
317 9.70715
318 9.70715
319 9.70715
320 9.70715
321 9.70715
322 9.70715
323 9.70715
324 9.70715
325 9.70715
326 9.70715
327 9.70715
328 9.70715
329 9.70715
330 9.70715
331 9.70715
332 9.70715
333 9.70715
334 9.70715
335 9.70715
336 9.70715
337 9.70715
338 9.70715
339 9.70715
340 9.70715
341 9.70715
342 9.70715
343 9.70715
344 9.70715
345 9.70715
346 9.70715
347 9.70715
348 9.70715
349 9.70715
350 9.70715
351 9.70715
352 9.70715
353 9.70715
354 9.70715
355 9.70715
356 9.70715
357 9.70715
358 9.70715
359 9.70715
360 9.70715
361 9.70715
362 9.70715
363 9.70715
364 9.70715
365 9.70715
366 9.70715
367 9.70715
368 9.70715
369 9.70715
370 9.70715
371 9.70715
372 9.70715
373 9.70715
374 9.70715
375 9.70715
376 9.70715
377 9.70715
378 9.70715
379 9.70715
380 9.70715
381 9.70715
382 9.70715
383 9.70715
384 9.70715
385 9.70715
386 9.70715
387 9.70715
388 9.70715
389 9.70715
390 9.70715
391 9.70715
392 9.70715
393 9.70715
394 9.70715
395 9.70715
396 9.70715
397 9.70715
398 9.70715
399 9.70715
400 9.70715
401 9.70715
402 9.70715
403 9.70715
404 9.70715
405 9.70715
406 9.70715
407 9.70715
408 9.70715
409 9.70715
410 9.70715
411 9.70715
412 9.70715
413 9.70715
414 9.70715
415 9.70715
416 9.70715
417 9.70715
418 9.70715
419 9.70715
420 9.70715
421 9.70715
422 9.70715
423 9.70715
424 9.70715
425 9.70715
426 9.70715
427 9.70715
428 9.70715
429 9.70715
430 9.70715
431 9.70715
432 9.70715
433 9.70715
434 9.70715
435 9.70715
436 9.70715
437 9.70715
438 9.70715
439 9.70715
440 9.70715
441 9.70715
442 9.70715
443 9.70715
444 9.70715
445 9.70715
446 9.70715
447 9.70715
448 9.70715
449 9.70715
450 9.70715
451 9.70715
452 9.70715
453 9.70715
454 9.70715
455 9.70715
456 9.70715
457 9.70715
458 9.70715
459 9.70715
460 9.70715
461 9.70715
462 9.70715
463 9.70715
464 9.70715
465 9.70715
466 9.70715
467 9.70715
468 9.70715
469 9.70715
470 9.70715
471 9.70715
472 9.70715
473 9.70715
474 9.70715
475 9.70715
476 9.70715
477 9.70715
478 9.70715
479 9.70715
480 9.70715
481 9.70715
482 9.70715
483 9.70715
484 9.70715
485 9.70715
486 9.70715
487 9.70715
488 9.70715
489 9.70715
490 9.70715
491 9.70715
492 9.70715
493 9.70715
494 9.70715
495 9.70715
496 9.70715
497 9.70715
498 9.70715
499 9.70715
500 9.70715
501 9.70715
502 9.70715
503 9.70715
504 9.70715
505 9.70715
506 9.70715
507 9.70715
508 9.70715
509 9.70715
510 9.70715
511 9.70715
512 9.70715
513 9.70715
514 9.70715
515 9.70715
516 9.70715
517 9.70715
518 9.70715
519 9.70715
520 9.70715
521 9.70715
522 9.70715
523 9.70715
524 9.70715
525 9.70715
526 9.70715
527 9.70715
528 9.70715
529 9.70715
530 9.70715
531 9.70715
532 9.70715
533 9.70715
534 9.70715
535 9.70715
536 9.70715
537 9.70715
538 9.70715
539 9.70715
540 9.70715
541 9.70715
542 9.70715
543 9.70715
544 9.70715
545 9.70715
546 9.70715
547 9.70715
548 9.70715
549 9.70715
550 9.70715
551 9.70715
552 9.70715
553 9.70715
554 9.70715
555 9.70715
556 9.70715
557 9.70715
558 9.70715
559 9.70715
560 9.70715
561 9.70715
562 9.70715
563 9.70715
564 9.70715
565 9.70715
566 9.70715
567 9.70715
568 9.70715
569 9.70715
570 9.70715
571 9.70715
572 9.70715
573 9.70715
574 9.70715
575 9.70715
576 9.70715
577 9.70715
578 9.70715
579 9.70715
580 9.70715
581 9.70715
582 9.70715
583 9.70715
584 9.70715
585 9.70715
586 9.70715
587 9.70715
588 9.70715
589 9.70715
590 9.70715
591 9.70715
592 9.70715
593 9.70715
594 9.70715
595 9.70715
596 9.70715
597 9.70715
598 9.70715
599 9.70715
600 9.70715
601 9.70715
602 9.70715
603 9.70715
604 9.70715
605 9.70715
606 9.70715
607 9.70715
608 9.70715
609 9.70715
610 9.70715
611 9.70715
612 9.70715
613 9.70715
614 9.70715
615 9.70715
616 9.70715
617 9.70715
618 9.70715
619 9.70715
620 9.70715
621 9.70715
622 9.70715
623 9.70715
624 9.70715
625 9.70715
626 9.70715
627 9.70715
628 9.70715
629 9.70715
630 9.70715
631 9.70715
632 9.70715
633 9.70715
634 9.70715
635 9.70715
636 9.70715
637 9.70715
638 9.70715
639 9.70715
640 9.70715
641 9.70715
642 9.70715
643 9.70715
644 9.70715
645 9.70715
646 9.70715
647 9.70715
648 9.70715
649 9.70715
650 9.70715
651 9.70715
652 9.70715
653 9.70715
654 9.70715
655 9.70715
656 9.70715
657 9.70715
658 9.70715
659 9.70715
660 9.70715
661 9.70715
662 9.70715
663 9.70715
664 9.70715
665 9.70715
666 9.70715
667 9.70715
668 9.70715
669 9.70715
670 9.70715
671 9.70715
672 9.70715
673 9.70715
674 9.70715
675 9.70715
676 9.70715
677 9.70715
678 9.70715
679 9.70715
680 9.70715
681 9.70715
682 9.70715
683 9.70715
684 9.70715
685 9.70715
686 9.70715
687 9.70715
688 9.70715
689 9.70715
690 9.70715
691 9.70715
692 9.70715
693 9.70715
694 9.70715
695 9.70715
696 9.70715
697 9.70715
698 9.70715
699 9.70715
700 9.70715
701 9.70715
702 9.70715
703 9.70715
704 9.70715
705 9.70715
706 9.70715
707 9.70715
708 9.70715
709 9.70715
710 9.70715
711 9.70715
712 9.70715
713 9.70715
714 9.70715
715 9.70715
716 9.70715
717 9.70715
718 9.70715
719 9.70715
720 9.70715
721 9.70715
722 9.70715
723 9.70715
724 9.70715
725 9.70715
726 9.70715
727 9.70715
728 9.70715
729 9.70715
730 9.70715
731 9.70715
732 9.70715
733 9.70715
734 9.70715
735 9.70715
736 9.70715
737 9.70715
738 9.70715
739 9.70715
740 9.70715
741 9.70715
742 9.70715
743 9.70715
744 9.70715
745 9.70715
746 9.70715
747 9.70715
748 9.70715
749 9.70715
750 9.70715
751 9.70715
752 9.70715
753 9.70715
754 9.70715
755 9.70715
756 9.70715
757 9.70715
758 9.70715
759 9.70715
760 9.70715
761 9.70715
762 9.70715
763 9.70715
764 9.70715
765 9.70715
766 9.70715
767 9.70715
768 9.70715
769 9.70715
770 9.70715
771 9.70715
772 9.70715
773 9.70715
774 9.70715
775 9.70715
776 9.70715
777 9.70715
778 9.70715
779 9.70715
780 9.70715
781 9.70715
782 9.70715
783 9.70715
784 9.70715
785 9.70715
786 9.70715
787 9.70715
788 9.70715
789 9.70715
790 9.70715
791 9.70715
792 9.70715
793 9.70715
794 9.70715
795 9.70715
796 9.70715
797 9.70715
798 9.70715
799 9.70715
800 9.70715
801 9.70715
802 9.70715
803 9.70715
804 9.70715
805 9.70715
806 9.70715
807 9.70715
808 9.70715
809 9.70715
810 9.70715
811 9.70715
812 9.70715
813 9.70715
814 9.70715
815 9.70715
816 9.70715
817 9.70715
818 9.70715
819 9.70715
820 9.70715
821 9.70715
822 9.70715
823 9.70715
824 9.70715
825 9.70715
826 9.70715
827 9.70715
828 9.70715
829 9.70715
830 9.70715
831 9.70715
832 9.70715
833 9.70715
834 9.70715
835 9.70715
836 9.70715
837 9.70715
838 9.70715
839 9.70715
840 9.70715
841 9.70715
842 9.70715
843 9.70715
844 9.70715
845 9.70715
846 9.70715
847 9.70715
848 9.70715
849 9.70715
850 9.70715
851 9.70715
852 9.70715
853 9.70715
854 9.70715
855 9.70715
856 9.70715
857 9.70715
858 9.70715
859 9.70715
860 9.70715
861 9.70715
862 9.70715
863 9.70715
864 9.70715
865 9.70715
866 9.70715
867 9.70715
868 9.70715
869 9.70715
870 9.70715
871 9.70715
872 9.70715
873 9.70715
874 9.70715
875 9.70715
876 9.70715
877 9.70715
878 9.70715
879 9.70715
880 9.70715
881 9.70715
882 9.70715
883 9.70715
884 9.70715
885 9.70715
886 9.70715
887 9.70715
888 9.70715
889 9.70715
890 9.70715
891 9.70715
892 9.70715
893 9.70715
894 9.70715
895 9.70715
896 9.70715
897 9.70715
898 9.70715
899 9.70715
900 9.70715
901 9.70715
902 9.70715
903 9.70715
904 9.70715
905 9.70715
906 9.70715
907 9.70715
908 9.70715
909 9.70715
910 9.70715
911 9.70715
912 9.70715
913 9.70715
914 9.70715
915 9.70715
916 9.70715
917 9.70715
918 9.70715
919 9.70715
920 9.70715
921 9.70715
922 9.70715
923 9.70715
924 9.70715
925 9.70715
926 9.70715
927 9.70715
928 9.70715
929 9.70715
930 9.70715
931 9.70715
932 9.70715
933 9.70715
934 9.70715
935 9.70715
936 9.70715
937 9.70715
938 9.70715
939 9.70715
940 9.70715
941 9.70715
942 9.70715
943 9.70715
944 9.70715
945 9.70715
946 9.70715
947 9.70715
948 9.70715
949 9.70715
950 9.70715
951 9.70715
952 9.70715
953 9.70715
954 9.70715
955 9.70715
956 9.70715
957 9.70715
958 9.70715
959 9.70715
960 9.70715
961 9.70715
962 9.70715
963 9.70715
964 9.70715
965 9.70715
966 9.70715
967 9.70715
968 9.70715
969 9.70715
970 9.70715
971 9.70715
972 9.70715
973 9.70715
974 9.70715
975 9.70715
976 9.70715
977 9.70715
978 9.70715
979 9.70715
980 9.70715
981 9.70715
982 9.70715
983 9.70715
984 9.70715
985 9.70715
986 9.70715
987 9.70715
988 9.70715
989 9.70715
990 9.70715
991 9.70715
992 9.70715
993 9.70715
994 9.70715
995 9.70715
996 9.70715
997 9.70715
998 9.70715
999 9.70715
1000 9.70715
1001 9.70715
1002 9.70715
1003 9.70715
1004 9.70715
1005 9.70715
1006 9.70715
1007 9.70715
1008 9.70715
1009 9.70715
1010 9.70715
1011 9.70715
1012 9.70715
1013 9.70715
1014 9.70715
1015 9.70715
1016 9.70715
1017 9.70715
1018 9.70715
1019 9.70715
1020 9.70715
1021 9.70715
1022 9.70715
1023 9.70715
1024 9.70715
1025 9.70715
1026 9.70715
1027 9.70715
1028 9.70715
1029 9.70715
1030 9.70715
1031 9.70715
1032 9.70715
1033 9.70715
1034 9.70715
1035 9.70715
1036 9.70715
1037 9.70715
1038 9.70715
1039 9.70715
1040 9.70715
1041 9.70715
1042 9.70715
1043 9.70715
1044 9.70715
1045 9.70715
1046 9.70715
1047 9.70715
1048 9.70715
1049 9.70715
1050 9.70715
1051 9.70715
1052 9.70715
1053 9.70715
1054 9.70715
1055 9.70715
1056 9.70715
1057 9.70715
1058 9.70715
1059 9.70715
1060 9.70715
1061 9.70715
1062 9.70715
1063 9.70715
1064 9.70715
1065 9.70715
1066 9.70715
1067 9.70715
1068 9.70715
1069 9.70715
1070 9.70715
1071 9.70715
1072 9.70715
1073 9.70715
1074 9.70715
1075 9.70715
1076 9.70715
1077 9.70715
1078 9.70715
1079 9.70715
1080 9.70715
1081 9.70715
1082 9.70715
1083 9.70715
1084 9.70715
1085 9.70715
1086 9.70715
1087 9.70715
1088 9.70715
1089 9.70715
1090 9.70715
1091 9.70715
1092 9.70715
1093 9.70715
1094 9.70715
1095 9.70715
1096 9.70715
1097 9.70715
1098 9.70715
1099 9.70715
1100 9.70715
1101 9.70715
1102 9.70715
1103 9.70715
1104 9.70715
1105 9.70715
1106 9.70715
1107 9.70715
1108 9.70715
1109 9.70715
1110 9.70715
1111 9.70715
1112 9.70715
1113 9.70715
1114 9.70715
1115 9.70715
1116 9.70715
1117 9.70715
1118 9.70715
1119 9.70715
1120 9.70715
1121 9.70715
1122 9.70715
1123 9.70715
1124 9.70715
1125 9.70715
1126 9.70715
1127 9.70715
1128 9.70715
1129 9.70715
1130 9.70715
1131 9.70715
1132 9.70715
1133 9.70715
1134 9.70715
1135 9.70715
1136 9.70715
1137 9.70715
1138 9.70715
1139 9.70715
1140 9.70715
1141 9.70715
1142 9.70715
1143 9.70715
1144 9.70715
1145 9.70715
1146 9.70715
1147 9.70715
1148 9.70715
1149 9.70715
1150 9.70715
1151 9.70715
1152 9.70715
1153 9.70715
1154 9.70715
1155 9.70715
1156 9.70715
1157 9.70715
1158 9.70715
1159 9.70715
1160 9.70715
1161 9.70715
1162 9.70715
1163 9.70715
1164 9.70715
1165 9.70715
1166 9.70715
1167 9.70715
1168 9.70715
1169 9.70715
1170 9.70715
1171 9.70715
1172 9.70715
1173 9.70715
1174 9.70715
1175 9.70715
1176 9.70715
1177 9.70715
1178 9.70715
1179 9.70715
1180 9.70715
1181 9.70715
1182 9.70715
1183 9.70715
1184 9.70715
1185 9.70715
1186 9.70715
1187 9.70715
1188 9.70715
1189 9.70715
1190 9.70715
1191 9.70715
1192 9.70715
1193 9.70715
1194 9.70715
1195 9.70715
1196 9.70715
1197 9.70715
1198 9.70715
1199 9.70715
1200 9.70715
1201 9.70715
1202 9.70715
1203 9.70715
1204 9.70715
1205 9.70715
1206 9.70715
1207 9.70715
1208 9.70715
1209 9.70715
1210 9.70715
1211 9.70715
1212 9.70715
1213 9.70715
1214 9.70715
1215 9.70715
1216 9.70715
1217 9.70715
1218 9.70715
1219 9.70715
1220 9.70715
1221 9.70715
1222 9.70715
1223 9.70715
1224 9.70715
1225 9.70715
1226 9.70715
1227 9.70715
1228 9.70715
1229 9.70715
1230 9.70715
1231 9.70715
1232 9.70715
1233 9.70715
1234 9.70715
1235 9.70715
1236 9.70715
1237 9.70715
1238 9.70715
1239 9.70715
1240 9.70715
1241 9.70715
1242 9.70715
1243 9.70715
1244 9.70715
1245 9.70715
1246 9.70715
1247 9.70715
1248 9.70715
1249 9.70715
1250 9.70715
1251 9.70715
1252 9.70715
1253 9.70715
1254 9.70715
1255 9.70715
1256 9.70715
1257 9.70715
1258 9.70715
1259 9.70715
1260 9.70715
1261 9.70715
1262 9.70715
1263 9.70715
1264 9.70715
1265 9.70715
1266 9.70715
1267 9.70715
1268 9.70715
1269 9.70715
1270 9.70715
1271 9.70715
1272 9.70715
1273 9.70715
1274 9.70715
1275 9.70715
1276 9.70715
1277 9.70715
1278 9.70715
1279 9.70715
1280 9.70715
1281 9.70715
1282 9.70715
1283 9.70715
1284 9.70715
1285 9.70715
1286 9.70715
1287 9.70715
1288 9.70715
1289 9.70715
1290 9.70715
1291 9.70715
1292 9.70715
1293 9.70715
1294 9.70715
1295 9.70715
1296 9.70715
1297 9.70715
1298 9.70715
1299 9.70715
1300 9.70715
1301 9.70715
1302 9.70715
1303 9.70715
1304 9.70715
1305 9.70715
1306 9.70715
1307 9.70715
1308 9.70715
1309 9.70715
1310 9.70715
1311 9.70715
1312 9.70715
1313 9.70715
1314 9.70715
1315 9.70715
1316 9.70715
1317 9.70715
1318 9.70715
1319 9.70715
1320 9.70715
1321 9.70715
1322 9.70715
1323 9.70715
1324 9.70715
1325 9.70715
1326 9.70715
1327 9.70715
1328 9.70715
1329 9.70715
1330 9.70715
1331 9.70715
1332 9.70715
1333 9.70715
1334 9.70715
1335 9.70715
1336 9.70715
1337 9.70715
1338 9.70715
1339 9.70715
1340 9.70715
1341 9.70715
1342 9.70715
1343 9.70715
1344 9.70715
1345 9.70715
1346 9.70715
1347 9.70715
1348 9.70715
1349 9.70715
1350 9.70715
1351 9.70715
1352 9.70715
1353 9.70715
1354 9.70715
1355 9.70715
1356 9.70715
1357 9.70715
1358 9.70715
1359 9.70715
1360 9.70715
1361 9.70715
1362 9.70715
1363 9.70715
1364 9.70715
1365 9.70715
1366 9.70715
1367 9.70715
1368 9.70715
1369 9.70715
1370 9.70715
1371 9.70715
1372 9.70715
1373 9.70715
1374 9.70715
1375 9.70715
1376 9.70715
1377 9.70715
1378 9.70715
1379 9.70715
1380 9.70715
1381 9.70715
1382 9.70715
1383 9.70715
1384 9.70715
1385 9.70715
1386 9.70715
1387 9.70715
1388 9.70715
1389 9.70715
1390 9.70715
1391 9.70715
1392 9.70715
1393 9.70715
1394 9.70715
1395 9.70715
1396 9.70715
1397 9.70715
1398 9.70715
1399 9.70715
1400 9.70715
1401 9.70715
1402 9.70715
1403 9.70715
1404 9.70715
1405 9.70715
1406 9.70715
1407 9.70715
1408 9.70715
1409 9.70715
1410 9.70715
1411 9.70715
1412 9.70715
1413 9.70715
1414 9.70715
1415 9.70715
1416 9.70715
1417 9.70715
1418 9.70715
1419 9.70715
1420 9.70715
1421 9.70715
1422 9.70715
1423 9.70715
1424 9.70715
1425 9.70715
1426 9.70715
1427 9.70715
1428 9.70715
1429 9.70715
1430 9.70715
1431 9.70715
1432 9.70715
1433 9.70715
1434 9.70715
1435 9.70715
1436 9.70715
1437 9.70715
1438 9.70715
1439 9.70715
1440 9.70715
1441 9.70715
1442 9.70715
1443 9.70715
1444 9.70715
1445 9.70715
1446 9.70715
1447 9.70715
1448 9.70715
1449 9.70715
1450 9.70715
1451 9.70715
1452 9.70715
1453 9.70715
1454 9.70715
1455 9.70715
1456 9.70715
1457 9.70715
1458 9.70715
1459 9.70715
1460 9.70715
1461 9.70715
1462 9.70715
1463 9.70715
1464 9.70715
1465 9.70715
1466 9.70715
1467 9.70715
1468 9.70715
1469 9.70715
1470 9.70715
1471 9.70715
1472 9.70715
1473 9.70715
1474 9.70715
1475 9.70715
1476 9.70715
1477 9.70715
1478 9.70715
1479 9.70715
1480 9.70715
1481 9.70715
1482 9.70715
1483 9.70715
1484 9.70715
1485 9.70715
1486 9.70715
1487 9.70715
1488 9.70715
1489 9.70715
1490 9.70715
1491 9.70715
1492 9.70715
1493 9.70715
1494 9.70715
1495 9.70715
1496 9.70715
1497 9.70715
1498 9.70715
1499 9.70715
1500 9.70715
1501 9.70715
1502 9.70715
1503 9.70715
1504 9.70715
1505 9.70715
1506 9.70715
1507 9.70715
1508 9.70715
1509 9.70715
1510 9.70715
1511 9.70715
1512 9.70715
1513 9.70715
1514 9.70715
1515 9.70715
1516 9.70715
1517 9.70715
1518 9.70715
1519 9.70715
1520 9.70715
1521 9.70715
1522 9.70715
1523 9.70715
1524 9.70715
1525 9.70715
1526 9.70715
1527 9.70715
1528 9.70715
1529 9.70715
1530 9.70715
1531 9.70715
1532 9.70715
1533 9.70715
1534 9.70715
1535 9.70715
1536 9.70715
1537 9.70715
1538 9.70715
1539 9.70715
1540 9.70715
1541 9.70715
1542 9.70715
1543 9.70715
1544 9.70715
1545 9.70715
1546 9.70715
1547 9.70715
1548 9.70715
1549 9.70715
1550 9.70715
1551 9.70715
1552 9.70715
1553 9.70715
1554 9.70715
1555 9.70715
1556 9.70715
1557 9.70715
1558 9.70715
1559 9.70715
1560 9.70715
1561 9.70715
1562 9.70715
1563 9.70715
1564 9.70715
1565 9.70715
1566 9.70715
1567 9.70715
1568 9.70715
1569 9.70715
1570 9.70715
1571 9.70715
1572 9.70715
1573 9.70715
1574 9.70715
1575 9.70715
1576 9.70715
1577 9.70715
1578 9.70715
1579 9.70715
1580 9.70715
1581 9.70715
1582 9.70715
1583 9.70715
1584 9.70715
1585 9.70715
1586 9.70715
1587 9.70715
1588 9.70715
1589 9.70715
1590 9.70715
1591 9.70715
1592 9.70715
1593 9.70715
1594 9.70715
1595 9.70715
1596 9.70715
1597 9.70715
1598 9.70715
1599 9.70715
1600 9.70715
1601 9.70715
1602 9.70715
1603 9.70715
1604 9.70715
1605 9.70715
1606 9.70715
1607 9.70715
1608 9.70715
1609 9.70715
1610 9.70715
1611 9.70715
1612 9.70715
1613 9.70715
1614 9.70715
1615 9.70715
1616 9.70715
1617 9.70715
1618 9.70715
1619 9.70715
1620 9.70715
1621 9.70715
1622 9.70715
1623 9.70715
1624 9.70715
1625 9.70715
1626 9.70715
1627 9.70715
1628 9.70715
1629 9.70715
1630 9.70715
1631 9.70715
1632 9.70715
1633 9.70715
1634 9.70715
1635 9.70715
1636 9.70715
1637 9.70715
1638 9.70715
1639 9.70715
1640 9.70715
1641 9.70715
1642 9.70715
1643 9.70715
1644 9.70715
1645 9.70715
1646 9.70715
1647 9.70715
1648 9.70715
1649 9.70715
1650 9.70715
1651 9.70715
1652 9.70715
1653 9.70715
1654 9.70715
1655 9.70715
1656 9.70715
1657 9.70715
1658 9.70715
1659 9.70715
1660 9.70715
1661 9.70715
1662 9.70715
1663 9.70715
1664 9.70715
1665 9.70715
1666 9.70715
1667 9.70715
1668 9.70715
1669 9.70715
1670 9.70715
1671 9.70715
1672 9.70715
1673 9.70715
1674 9.70715
1675 9.70715
1676 9.70715
1677 9.70715
1678 9.70715
1679 9.70715
1680 9.70715
1681 9.70715
1682 9.70715
1683 9.70715
1684 9.70715
1685 9.70715
1686 9.70715
1687 9.70715
1688 9.70715
1689 9.70715
1690 9.70715
1691 9.70715
1692 9.70715
1693 9.70715
1694 9.70715
1695 9.70715
1696 9.70715
1697 9.70715
1698 9.70715
1699 9.70715
1700 9.70715
1701 9.70715
1702 9.70715
1703 9.70715
1704 9.70715
1705 9.70715
1706 9.70715
1707 9.70715
1708 9.70715
1709 9.70715
1710 9.70715
1711 9.70715
1712 9.70715
1713 9.70715
1714 9.70715
1715 9.70715
1716 9.70715
1717 9.70715
1718 9.70715
1719 9.70715
1720 9.70715
1721 9.70715
1722 9.70715
1723 9.70715
1724 9.70715
1725 9.70715
1726 9.70715
1727 9.70715
1728 9.70715
1729 9.70715
1730 9.70715
1731 9.70715
1732 9.70715
1733 9.70715
1734 9.70715
1735 9.70715
1736 9.70715
1737 9.70715
1738 9.70715
1739 9.70715
1740 9.70715
1741 9.70715
1742 9.70715
1743 9.70715
1744 9.70715
1745 9.70715
1746 9.70715
1747 9.70715
1748 9.70715
1749 9.70715
1750 9.70715
1751 9.70715
1752 9.70715
1753 9.70715
1754 9.70715
1755 9.70715
1756 9.70715
1757 9.70715
1758 9.70715
1759 9.70715
1760 9.70715
1761 9.70715
1762 9.70715
1763 9.70715
1764 9.70715
1765 9.70715
1766 9.70715
1767 9.70715
1768 9.70715
1769 9.70715
1770 9.70715
1771 9.70715
1772 9.70715
1773 9.70715
1774 9.70715
1775 9.70715
1776 9.70715
1777 9.70715
1778 9.70715
1779 9.70715
1780 9.70715
1781 9.70715
1782 9.70715
1783 9.70715
1784 9.70715
1785 9.70715
1786 9.70715
1787 9.70715
1788 9.70715
1789 9.70715
1790 9.70715
1791 9.70715
1792 9.70715
1793 9.70715
1794 9.70715
1795 9.70715
1796 9.70715
1797 9.70715
1798 9.70715
1799 9.70715
1800 9.70715
1801 9.70715
1802 9.70715
1803 9.70715
1804 9.70715
1805 9.70715
1806 9.70715
1807 9.70715
1808 9.70715
1809 9.70715
1810 9.70715
1811 9.70715
1812 9.70715
1813 9.70715
1814 9.70715
1815 9.70715
1816 9.70715
1817 9.70715
1818 9.70715
1819 9.70715
1820 9.70715
1821 9.70715
1822 9.70715
1823 9.70715
1824 9.70715
1825 9.70715
1826 9.70715
1827 9.70715
1828 9.70715
1829 9.70715
1830 9.70715
1831 9.70715
1832 9.70715
1833 9.70715
1834 9.70715
1835 9.70715
1836 9.70715
1837 9.70715
1838 9.70715
1839 9.70715
1840 9.70715
1841 9.70715
1842 9.70715
1843 9.70715
1844 9.70715
1845 9.70715
1846 9.70715
1847 9.70715
1848 9.70715
1849 9.70715
1850 9.70715
1851 9.70715
1852 9.70715
1853 9.70715
1854 9.70715
1855 9.70715
1856 9.70715
1857 9.70715
1858 9.70715
1859 9.70715
1860 9.70715
1861 9.70715
1862 9.70715
1863 9.70715
1864 9.70715
1865 9.70715
1866 9.70715
1867 9.70715
1868 9.70715
1869 9.70715
1870 9.70715
1871 9.70715
1872 9.70715
1873 9.70715
1874 9.70715
1875 9.70715
1876 9.70715
1877 9.70715
1878 9.70715
1879 9.70715
1880 9.70715
1881 9.70715
1882 9.70715
1883 9.70715
1884 9.70715
1885 9.70715
1886 9.70715
1887 9.70715
1888 9.70715
1889 9.70715
1890 9.70715
1891 9.70715
1892 9.70715
1893 9.70715
1894 9.70715
1895 9.70715
1896 9.70715
1897 9.70715
1898 9.70715
1899 9.70715
1900 9.70715
1901 9.70715
1902 9.70715
1903 9.70715
1904 9.70715
1905 9.70715
1906 9.70715
1907 9.70715
1908 9.70715
1909 9.70715
1910 9.70715
1911 9.70715
1912 9.70715
1913 9.70715
1914 9.70715
1915 9.70715
1916 9.70715
1917 9.70715
1918 9.70715
1919 9.70715
1920 9.70715
1921 9.70715
1922 9.70715
1923 9.70715
1924 9.70715
1925 9.70715
1926 9.70715
1927 9.70715
1928 9.70715
1929 9.70715
1930 9.70715
1931 9.70715
1932 9.70715
1933 9.70715
1934 9.70715
1935 9.70715
1936 9.70715
1937 9.70715
1938 9.70715
1939 9.70715
1940 9.70715
1941 9.70715
1942 9.70715
1943 9.70715
1944 9.70715
1945 9.70715
1946 9.70715
1947 9.70715
1948 9.70715
1949 9.70715
1950 9.70715
1951 9.70715
1952 9.70715
1953 9.70715
1954 9.70715
1955 9.70715
1956 9.70715
1957 9.70715
1958 9.70715
1959 9.70715
1960 9.70715
1961 9.70715
1962 9.70715
1963 9.70715
1964 9.70715
1965 9.70715
1966 9.70715
1967 9.70715
1968 9.70715
1969 9.70715
1970 9.70715
1971 9.70715
1972 9.70715
1973 9.70715
1974 9.70715
1975 9.70715
1976 9.70715
1977 9.70715
1978 9.70715
1979 9.70715
1980 9.70715
1981 9.70715
1982 9.70715
1983 9.70715
1984 9.70715
1985 9.70715
1986 9.70715
1987 9.70715
1988 9.70715
1989 9.70715
1990 9.70715
1991 9.70715
1992 9.70715
1993 9.70715
1994 9.70715
1995 9.70715
1996 9.70715
1997 9.70715
1998 9.70715
1999 9.70715
2000 9.70715
