           1    -7.56576    -7.56576           0
           2    -7.55033    -7.55804  0.00771154
           3    -7.56021    -7.55877  0.00451036
           4     -7.5516    -7.55697  0.00365784
           5    -7.54691    -7.55496  0.00347565
           6    -7.57485    -7.55828  0.00436292
           7    -7.52859    -7.55403  0.00562005
           8    -7.57204    -7.55629   0.0053624
           9    -7.55005    -7.55559  0.00477967
          10     -7.5481    -7.55484  0.00434023
          11    -7.55735    -7.55507  0.00393248
          12     -7.5814    -7.55726  0.00420721
          13    -7.55807    -7.55733  0.00387056
          14    -7.55162    -7.55692  0.00360654
          15    -7.51653    -7.55423  0.00430375
          16    -7.50894     -7.5514  0.00492133
          17    -7.56644    -7.55228  0.00470677
          18    -7.55027    -7.55217  0.00443899
          19    -7.53093    -7.55105   0.0043451
          20    -7.51055    -7.54903  0.00459267
          21    -7.56307     -7.5497  0.00441937
          22    -7.52628    -7.54863  0.00434599
          23    -7.55905    -7.54908  0.00417738
          24    -7.53631    -7.54855  0.00403481
          25    -7.55927    -7.54898  0.00389371
          26    -7.51654    -7.54773  0.00394352
          27     -7.5697    -7.54855  0.00388093
          28    -7.52253    -7.54762  0.00385341
          29    -7.54476    -7.54752  0.00371946
          30    -7.56563    -7.54812  0.00364371
          31    -7.54868    -7.54814  0.00352426
          32    -7.56717    -7.54874  0.00346378
          33    -7.54845    -7.54873  0.00335718
          34    -7.54965    -7.54875  0.00325706
          35     -7.5549    -7.54893   0.0031675
          36    -7.58089    -7.54982  0.00320369
          37    -7.55031    -7.54983  0.00311593
          38      -7.542    -7.54962  0.00303981
          39     -7.5602     -7.5499  0.00297323
          40    -7.54309    -7.54973  0.00290293
          41    -7.51335    -7.54884  0.00296696
          42    -7.54912    -7.54884  0.00289547
          43    -7.52425    -7.54827   0.0028846
          44    -7.53448    -7.54796  0.00283565
          45    -7.55439     -7.5481   0.0027756
          46    -7.53941    -7.54791  0.00272117
          47    -7.55581    -7.54808  0.00266794
          48    -7.55449    -7.54822  0.00261518
          49     -7.5431    -7.54811  0.00256338
          50     -7.5457    -7.54806  0.00251205
          51    -7.55503     -7.5482  0.00246609
          52    -7.55183    -7.54827  0.00241921
          53    -7.56799    -7.54864  0.00240212
          54    -7.54592    -7.54859  0.00235775
          55    -7.55233    -7.54866  0.00231549
          56    -7.55054    -7.54869  0.00227402
          57     -7.5483    -7.54869  0.00223377
          58    -7.54644    -7.54865  0.00219527
          59    -7.54082    -7.54851  0.00216181
          60    -7.53032    -7.54821    0.002147
          61    -7.54241    -7.54812  0.00211365
          62    -7.51939    -7.54765  0.00213027
          63    -7.53467    -7.54745  0.00210629
          64    -7.56184    -7.54767  0.00208527
          65    -7.54568    -7.54764  0.00205317
          66    -7.55879    -7.54781  0.00202886
          67    -7.53944    -7.54768  0.00200225
          68    -7.54317    -7.54762  0.00197371
          69    -7.54008    -7.54751  0.00194796
          70    -7.55933    -7.54768  0.00192734
          71    -7.53468    -7.54749  0.00190879
          72    -7.56833    -7.54778  0.00190421
          73    -7.57815     -7.5482  0.00192346
          74    -7.53491    -7.54802  0.00190577
          75    -7.55591    -7.54813  0.00188313
          76    -7.54782    -7.54812  0.00185819
          77    -7.55357    -7.54819  0.00183526
          78    -7.54875     -7.5482  0.00181159
          79    -7.54223    -7.54812  0.00179011
          80    -7.52171    -7.54779  0.00179817
          81    -7.56379    -7.54799  0.00178678
          82    -7.52151    -7.54767  0.00179416
          83    -7.56162    -7.54784  0.00178037
          84    -7.57483    -7.54816  0.00178816
          85    -7.55472    -7.54824  0.00176868
          86    -7.53859    -7.54812  0.00175159
          87    -7.52703    -7.54788  0.00174824
          88    -7.55295    -7.54794  0.00172921
          89    -7.52752    -7.54771    0.001725
          90    -7.54742    -7.54771  0.00170573
          91     -7.5735    -7.54799  0.00171053
          92    -7.54602    -7.54797  0.00169197
          93    -7.56186    -7.54812  0.00168033
          94    -7.55351    -7.54817  0.00166335
          95    -7.53527    -7.54804  0.00165135
          96    -7.57467    -7.54832  0.00165744
          97    -7.55394    -7.54837  0.00164129
          98    -7.57167    -7.54861  0.00164176
          99    -7.54674    -7.54859   0.0016252
         100    -7.53826    -7.54849  0.00161218
