           1     7.48756     7.48756           0
           2     7.56915     7.52835   0.0407939
           3     7.51165     7.52279   0.0242012
           4     7.56682     7.53379    0.020348
           5     7.59474     7.54598   0.0199254
           6     7.43753     7.52791   0.0243195
           7     7.68505     7.55036   0.0304372
           8     7.45414     7.53833   0.0289735
           9     7.57575     7.54249   0.0258882
          10     7.58273     7.54651   0.0235023
          11     7.53794     7.54573   0.0212729
          12      7.3908     7.53282   0.0233195
          13     7.53145     7.53272   0.0214511
          14     7.56289     7.53487   0.0199765
          15     7.75537     7.54957   0.0237053
          16     7.79772     7.56508     0.02706
          17     7.48017     7.56009   0.0259045
          18     7.56781     7.56051   0.0244268
          19     7.68292     7.56696   0.0239868
          20     7.79664     7.57844   0.0254896
          21     7.49899     7.57466   0.0245389
          22      7.7052     7.58059   0.0241376
          23     7.52429     7.57814   0.0231938
          24     7.65204     7.58122   0.0224189
          25     7.52388     7.57893   0.0216254
          26     7.74991     7.58551   0.0217929
          27     7.46246     7.58095   0.0214597
          28      7.7268     7.58616   0.0213251
          29     7.59925     7.58661   0.0205816
          30     7.48506     7.58322   0.0201698
          31     7.58066     7.58314   0.0195084
          32     7.47963     7.57991    0.019164
          33     7.58325     7.58001   0.0185744
          34     7.58287     7.58009   0.0180201
          35     7.54089     7.57897   0.0175334
          36     7.39971     7.57399   0.0177521
          37     7.56786     7.57383   0.0172665
          38     7.62247     7.57511   0.0168546
          39     7.51666     7.57361    0.016485
          40      7.6091      7.5745   0.0160921
          41     7.76829     7.57922    0.016391
          42     7.58282     7.57931   0.0159962
          43     7.71763     7.58253   0.0159476
          44     7.65892     7.58426   0.0156774
          45     7.55347     7.58358   0.0153403
          46     7.63686     7.58474   0.0150477
          47     7.54105     7.58381   0.0147534
          48     7.55059     7.58311   0.0144594
          49     7.61448     7.58375   0.0141757
          50     7.59963     7.58407   0.0138929
          51     7.54246     7.58326   0.0136422
          52       7.561     7.58283   0.0133841
          53     7.47217     7.58074   0.0132941
          54     7.60049     7.58111   0.0130507
          55     7.55634     7.58066   0.0128191
          56     7.57332     7.58052   0.0125888
          57     7.58152     7.58054    0.012366
          58     7.59815     7.58085   0.0121547
          59      7.6211     7.58153   0.0119664
          60     7.68189      7.5832   0.0118836
          61     7.61915     7.58379    0.011702
          62     7.74503     7.58639   0.0118018
          63     7.66032     7.58756   0.0116721
          64     7.50935     7.58634   0.0115531
          65      7.5964      7.5865    0.011375
          66     7.52776     7.58561   0.0112367
          67     7.63479     7.58634    0.011092
          68     7.61437     7.58675   0.0109354
          69     7.63539     7.58746   0.0107988
          70     7.52786     7.58661   0.0106774
          71     7.65366     7.58755   0.0105683
          72      7.4755     7.58599    0.010536
          73     7.42026     7.58372   0.0106358
          74     7.65221     7.58465   0.0105319
          75      7.5373     7.58402   0.0104097
          76     7.58914     7.58409    0.010272
          77     7.55592     7.58372   0.0101443
          78     7.58112     7.58369   0.0100135
          79     7.62002     7.58415  0.00989661
          80     7.72685     7.58593  0.00993359
          81     7.49769     7.58484  0.00987049
          82     7.72893      7.5866  0.00990647
          83     7.51419     7.58573  0.00982519
          84     7.43694     7.58395   0.0098678
          85      7.5494     7.58355  0.00975949
          86     7.63778     7.58418  0.00966593
          87      7.7006     7.58552  0.00964743
          88     7.55804      7.5852  0.00954228
          89     7.70714     7.58657  0.00953342
          90     7.58645     7.58657   0.0094269
          91     7.44926     7.58506  0.00944405
          92     7.59185     7.58514  0.00934113
          93     7.50884     7.58432  0.00927649
          94     7.55862     7.58404  0.00918134
          95      7.6491     7.58473  0.00910996
          96     7.44638     7.58329  0.00912904
          97     7.55407     7.58299  0.00903945
          98     7.45071     7.58164  0.00904799
          99     7.59086     7.58173  0.00895661
         100      7.6379     7.58229  0.00888436
