100 0.0115332 0 0
100 0.0345996 0 0
100 0.0576661 0 0
100 0.0807325 0 0
100 0.103799 0 0
100 0.126865 0 0
100 0.149932 0 0
100 0.172998 0 0
100 0.196065 0 0
100 0.219131 0 0
100 0.242198 0 0
100 0.265264 0 0
100 0.28833 0 0
100 0.311397 0 0
100 0.334463 0 0
100 0.35753 0 0
100 0.380596 0 0
100 0.403663 0 0
100 0.426729 0 0
100 0.449795 0 0
100 0.472862 0 0
100 0.495928 0 0
100 0.518995 0 0
100 0.542061 0 0
100 0.565128 0 0
100 0.588194 0 0
100 0.61126 0 0
100 0.634327 0 0
100 0.657393 0 0
100 0.68046 0 0
100 0.703526 0 0
100 0.726593 0 0
100 0.749659 0 0
100 0.772725 0 0
100 0.795792 0 0
100 0.818858 0 0
100 0.841925 1.36552e-06 1.36552e-06
100 0.864991 6.85644e-05 1.47621e-05
100 0.888058 0.00351879 0.000114937
100 0.911124 0.0499369 0.00043499
100 0.93419 0.306074 0.00150266
100 0.957257 1.05387 0.00258155
100 0.980323 2.34424 0.0034496
100 1.00339 3.79138 0.00324413
100 1.02646 4.82607 0.00320572
100 1.04952 5.11873 0.00412348
100 1.07259 4.688 0.00486395
100 1.09566 3.8214 0.00432306
100 1.11872 2.80809 0.00294538
100 1.14179 1.896 0.00185476
100 1.16485 1.17703 0.00160539
100 1.18792 0.676872 0.00180649
100 1.21099 0.364974 0.00141072
100 1.23405 0.183742 0.00114201
100 1.25712 0.0914242 0.000912568
100 1.28019 0.0499677 0.000663519
100 1.30325 0.0432427 0.00058372
100 1.32632 0.0615478 0.000566172
100 1.34939 0.109145 0.000702294
100 1.37245 0.189289 0.000877134
100 1.39552 0.310004 0.000836862
100 1.41859 0.467593 0.000758634
100 1.44165 0.64881 0.000756724
100 1.46472 0.822869 0.00112481
100 1.48778 0.951841 0.00163861
100 1.51085 1.0029 0.00179904
100 1.53392 0.958367 0.00173353
100 1.55698 0.833943 0.00117905
100 1.58005 0.65862 0.000960089
100 1.60312 0.479588 0.000693589
100 1.62618 0.325055 0.000850943
100 1.64925 0.224616 0.00102018
100 1.67232 0.196025 0.00123099
100 1.69538 0.25943 0.0014805
100 1.71845 0.441657 0.0016712
100 1.74152 0.76663 0.00186738
100 1.76458 1.22889 0.00141399
100 1.78765 1.77358 0.00110941
100 1.81071 2.2958 0.00185723
100 1.83378 2.66619 0.00261347
100 1.85685 2.78562 0.00331549
100 1.87991 2.62475 0.00296414
100 1.90298 2.2359 0.00246658
100 1.92605 1.7318 0.00147054
100 1.94911 1.22817 0.00105331
100 1.97218 0.818472 0.00159177
100 1.99525 0.552365 0.00176088
100 2.01831 0.441302 0.00180558
100 2.04138 0.469256 0.00158146
100 2.06445 0.598325 0.00115508
100 2.08751 0.772841 0.000705718
100 2.11058 0.93821 0.000901399
100 2.13364 1.03869 0.00122105
100 2.15671 1.0465 0.00141465
100 2.17978 0.941764 0.00112397
100 2.20284 0.799382 0.000718038
100 2.22591 0.668029 0.000841019
100 2.24898 0.581598 0.00138864
100 2.27204 0.581667 0.00177433
100 2.29511 0 0
