1 35.7069
2 33.7945
3 32.6605
4 32.5714
5 30.3543
6 29.4994
7 29.0639
8 27.3561
9 26.091
10 26.087
11 24.8263
12 24.0246
13 22.6983
14 22.3323
15 22.7992
16 22.2883
17 21.7564
18 21.6323
19 21.1781
20 21.5936
21 20.867
22 21.5798
23 20.8782
24 20.7639
25 20.1684
26 20.639
27 20.3245
28 19.2849
29 18.7907
30 19.1315
31 18.7367
32 18.9489
33 18.8719
34 18.5616
35 17.9717
36 18.0643
37 17.2863
38 16.9909
39 16.8482
40 15.9362
41 15.7444
42 15.4032
43 14.2914
44 14.3982
45 13.7116
46 13.7524
47 12.7028
48 13.089
49 12.5396
50 12.4938
51 11.7575
52 11.2801
53 10.9477
54 11.1752
55 12.0307
56 11.912
57 11.818
58 11.0312
59 11.6805
60 11.8602
61 11.8349
62 11.6352
63 11.5735
64 11.2405
65 10.2897
66 10.3025
67 10.3553
68 10.305
69 10.8736
70 10.8153
71 10.2414
72 10.0837
73 10.2906
74 9.53667
75 9.55394
76 9.82313
77 9.74153
78 9.54973
79 10.1324
80 9.75723
81 9.77026
82 9.17369
83 8.94999
84 8.73503
85 8.47509
86 8.3795
87 8.68922
88 8.60881
89 8.70509
90 8.64387
91 8.87541
92 8.01637
93 8.87984
94 8.7239
95 9.10305
96 8.63114
97 8.50355
98 7.74933
99 7.54176
100 8.29937
101 7.9817
102 7.3173
103 6.89521
104 7.50197
105 7.59026
106 7.66218
107 7.72746
108 7.88991
109 7.5582
110 8.03175
111 8.35361
112 8.42503
113 8.79082
114 8.96968
115 7.81226
116 8.44191
117 7.47241
118 7.76688
119 7.74304
120 7.08427
121 6.95428
122 7.30223
123 7.00477
124 7.46175
125 6.89281
126 7.07484
127 6.84825
128 7.10018
129 6.81519
130 7.57396
131 8.26023
132 8.20513
133 8.2635
134 8.15529
135 8.05057
136 8.61309
137 8.03308
138 7.26613
139 7.52309
140 6.75212
141 7.86712
142 7.43063
143 7.48042
144 7.43771
145 7.2792
146 7.15857
147 6.9855
148 6.78954
149 7.49261
150 7.51839
151 6.83397
152 6.79775
153 7.08406
154 7.26045
155 7.41943
156 7.0781
157 6.69313
158 6.68122
159 6.42424
160 7.11445
161 7.31749
162 7.91829
163 8.41849
164 8.03363
165 8.03639
166 7.64877
167 7.45426
168 6.86242
169 7.07232
170 7.2544
171 7.55578
172 7.50612
173 7.29456
174 7.04898
175 7.42965
176 8.21356
177 8.36505
178 8.13059
179 8.07481
180 7.49543
181 7.59375
182 6.75087
183 6.47167
184 6.52536
185 7.18094
186 7.18495
187 6.87637
188 6.96678
189 7.02479
190 7.58972
191 7.40399
192 6.97309
193 6.95894
194 6.77578
195 6.98348
196 7.07027
197 8.22841
198 8.35028
199 8.03234
200 7.72492
201 7.99891
202 8.04237
203 7.93655
204 8.05856
205 7.82458
206 8.16368
207 7.57691
208 7.54433
209 7.34383
210 7.07573
211 6.78365
212 7.214
213 7.07432
214 7.03555
215 6.89136
216 7.02639
217 7.00868
218 7.63441
219 7.32691
220 6.98412
221 7.30187
222 7.30155
223 7.34066
224 7.41977
225 7.13395
226 7.5924
227 8.06417
228 7.70779
229 7.86063
230 7.77972
231 7.61012
232 7.59015
233 7.69488
234 7.88449
235 7.87224
236 8.07668
237 7.57198
238 7.37797
239 6.89199
240 6.57353
241 6.51676
242 7.00871
243 7.93852
244 7.78083
245 7.33268
246 7.40728
247 7.67194
248 7.11681
249 6.80875
250 6.83019
251 6.652
252 7.24616
253 7.17222
254 7.17149
255 7.16123
256 7.53898
257 7.18844
258 7.31444
259 7.56896
260 7.53837
261 7.99113
262 8.06289
263 7.5835
264 7.67209
265 7.27576
266 6.55379
267 6.61119
268 6.80089
269 6.44593
270 6.42071
271 6.55103
272 6.33222
273 6.71498
274 6.60082
275 6.76574
276 6.80378
277 6.91859
278 6.87449
279 7.01953
280 6.87085
281 6.94281
282 7.2244
283 7.06472
284 7.2068
285 7.46103
286 7.39891
287 7.57234
288 7.75752
289 7.37329
290 7.49905
291 7.64711
292 7.44385
293 8.06881
294 7.71666
295 7.49205
296 7.4017
297 7.36098
298 7.42851
299 7.8751
300 7.06626
301 6.61865
302 7.06187
303 6.44551
304 6.32055
305 6.57296
306 6.64187
307 6.57774
308 6.57501
309 7.01783
310 7.02805
311 7.01333
312 7.03403
313 7.46105
314 6.69832
315 6.59002
316 6.84805
317 7.08224
318 7.141
319 6.85367
320 7.31439
321 6.79879
322 6.87838
323 7.66429
324 7.13326
325 7.67836
326 7.8183
327 6.96005
328 7.16555
329 6.86443
330 6.72991
331 6.58007
332 6.48413
333 6.36388
334 6.36562
335 6.63742
336 7.04135
337 7.20837
338 7.53406
339 7.58155
340 6.68351
341 6.69214
342 6.70131
343 6.77716
344 7.47928
345 7.36392
346 7.27924
347 6.69588
348 7.11719
349 7.49301
350 6.88645
351 6.64833
352 6.40893
353 6.60218
354 6.51276
355 6.90529
356 7.77653
357 7.66706
358 7.35934
359 7.34537
360 7.2121
361 7.52275
362 8.19082
363 7.40373
364 7.1372
365 7.35271
366 7.15529
367 8.31326
368 8.59545
369 7.84398
370 7.93334
371 7.9893
372 7.4419
373 7.74616
374 8.13846
375 8.0358
376 7.64382
377 8.00732
378 7.14937
379 6.57183
380 7.00704
381 7.59459
382 7.14817
383 6.87745
384 7.56544
385 7.7699
386 8.09072
387 7.73665
388 8.06078
389 8.32643
390 8.43832
391 7.97866
392 8.07527
393 7.17003
394 6.63656
395 6.50958
396 6.75776
397 6.8744
398 6.83222
399 6.46186
400 6.44818
401 6.9457
402 6.86522
403 6.73101
404 6.67694
405 6.3482
406 6.67109
407 7.17404
408 6.96647
409 6.73408
410 7.60142
411 7.04106
412 7.21377
413 7.15831
414 7.09522
415 6.90241
416 6.67659
417 6.73829
418 7.19414
419 6.94443
420 7.43873
421 7.76961
422 7.99529
423 7.49997
424 7.59839
425 7.68521
426 7.58462
427 7.07845
428 7.91897
429 8.09945
430 8.42478
431 8.21204
432 8.28959
433 8.13927
434 7.52301
435 7.00552
436 7.39917
437 7.78702
438 7.91355
439 7.32592
440 7.76708
441 7.90243
442 7.69519
443 6.93924
444 7.05416
445 7.18939
446 7.13197
447 7.43423
448 7.9414
449 8.0794
450 8.46127
451 7.4271
452 6.96281
453 6.43962
454 6.61968
455 6.84448
456 7.29252
457 7.85311
458 7.88637
459 7.89517
460 7.2986
461 7.5623
462 7.36983
463 6.98688
464 6.62299
465 6.57449
466 7.23824
467 7.83818
468 7.22693
469 7.32443
470 7.33007
471 6.95047
472 6.65221
473 6.40711
474 6.76018
475 7.32165
476 7.08296
477 6.95589
478 6.31887
479 6.32787
480 6.87988
481 6.52716
482 7.01055
483 7.11374
484 7.09099
485 8.04161
486 8.06555
487 8.56571
488 6.9548
489 7.29066
490 8.26937
491 8.22406
492 8.24908
493 7.47064
494 6.99552
495 7.03546
496 7.61851
497 7.88754
498 7.23618
499 7.57527
500 7.45458
501 7.1487
502 7.5598
503 7.31697
504 8.04035
505 7.67883
506 7.13533
507 7.02969
508 7.3413
509 7.94393
510 8.12518
511 8.50581
512 7.65617
513 8.15039
514 8.22132
515 7.16055
516 6.73997
517 7.19028
518 6.99197
519 7.04008
520 6.86963
521 7.06934
522 7.27457
523 8.00986
524 7.94991
525 7.81838
526 9.55237
527 9.13472
528 8.16147
529 7.29428
530 7.4967
531 6.89929
532 6.81635
533 6.71541
534 7.52725
535 7.62937
536 7.13271
537 7.80589
538 7.67836
539 7.41338
540 7.19939
541 8.23054
542 8.25112
543 7.97691
544 7.60419
545 7.38548
546 7.85181
547 8.03786
548 8.68661
549 8.79786
550 8.07725
551 7.21199
552 7.40925
553 8.67139
554 8.61202
555 8.47959
556 7.79748
557 7.58001
558 6.99121
559 7.23761
560 7.14494
561 7.34214
562 7.2028
563 7.50844
564 7.66844
565 8.00881
566 8.13369
567 7.55831
568 7.57707
569 8.15397
570 8.05712
571 7.45943
572 7.34149
573 7.16755
574 7.42537
575 7.63236
576 7.1102
577 7.07169
578 7.47604
579 7.50607
580 7.54948
581 7.97064
582 7.59456
583 7.00339
584 7.46365
585 7.30551
586 7.15301
587 7.58133
588 7.1161
589 7.1046
590 6.36393
591 6.30697
592 6.37355
593 6.56889
594 6.30503
595 6.6169
596 6.3332
597 6.80738
598 7.50195
599 7.28906
600 7.02499
601 7.10815
602 7.30544
603 6.65006
604 6.57186
605 6.47502
606 7.29894
607 7.31248
608 7.57288
609 7.39408
610 7.07443
611 7.32043
612 7.20809
613 7.552
614 8.16824
615 7.62792
616 7.9386
617 7.85638
618 6.90016
619 7.00784
620 7.34654
621 7.4638
622 7.1009
623 7.14257
624 7.29335
625 7.33954
626 8.11399
627 7.64926
628 7.84071
629 7.89278
630 8.35009
631 8.24785
632 7.46512
633 8.04996
634 8.99324
635 8.22748
636 8.49864
637 7.7878
638 7.40029
639 7.20529
640 7.91948
641 7.724
642 7.40485
643 7.26901
644 7.30374
645 7.19432
646 7.69555
647 7.81738
648 7.36281
649 7.25273
650 7.88686
651 7.9959
652 7.55073
653 6.86561
654 7.46704
655 7.57697
656 7.43501
657 7.98628
658 7.93301
659 7.66439
660 7.27692
661 6.75512
662 7.28174
663 6.61065
664 6.60604
665 6.79372
666 7.3651
667 7.03692
668 7.562
669 7.90238
670 7.87552
671 7.37759
672 6.876
673 6.89976
674 6.95643
675 7.20752
676 7.34773
677 7.55557
678 7.3143
679 7.45439
680 7.15455
681 7.61148
682 7.81494
683 7.9013
684 7.50254
685 6.75732
686 6.46764
687 6.4772
688 6.5426
689 6.26337
690 6.42519
691 6.54396
692 6.7938
693 6.79682
694 7.39079
695 6.94455
696 6.786
697 7.04447
698 7.74165
699 7.56683
700 7.93589
701 7.43146
702 7.56447
703 7.74739
704 7.39475
705 7.08645
706 6.96267
707 7.08426
708 7.51418
709 8.53319
710 7.69623
711 7.57031
712 7.22883
713 7.00105
714 6.97478
715 6.83549
716 7.34189
717 7.57406
718 7.40796
719 7.65943
720 7.45231
721 7.38643
722 7.48081
723 7.80953
724 7.83915
725 7.00206
726 6.9385
727 7.33762
728 7.54426
729 6.7536
730 7.1893
731 7.01196
732 6.96783
733 6.71043
734 6.86824
735 6.64223
736 6.84011
737 7.08744
738 6.87555
739 7.0975
740 7.33258
741 7.13699
742 6.84067
743 7.42623
744 7.18377
745 7.24912
746 7.51789
747 7.31685
748 6.61338
749 7.0642
750 7.64878
751 7.55193
752 7.50434
753 6.69602
754 7.25398
755 7.13499
756 6.98236
757 6.83764
758 7.05526
759 6.98947
760 6.79359
761 6.8361
762 6.92129
763 6.79683
764 7.08165
765 7.53007
766 7.891
767 7.98601
768 7.60905
769 6.93119
770 7.49556
771 7.08511
772 7.38688
773 7.23452
774 7.61353
775 7.92582
776 8.03037
777 7.64766
778 7.48535
779 7.28601
780 7.3152
781 6.74063
782 6.71231
783 6.67939
784 6.60098
785 7.10288
786 7.78447
787 7.21314
788 7.71138
789 7.49831
790 6.84027
791 7.51081
792 6.79548
793 7.30455
794 7.31553
795 7.40742
796 7.50122
797 7.38451
798 7.27168
799 7.72185
800 7.86082
801 7.59794
802 6.9075
803 6.31213
804 6.67629
805 6.94441
806 6.71281
807 7.52677
808 7.06129
809 7.51691
810 7.18661
811 6.74554
812 7.25363
813 7.0255
814 6.67199
815 6.62547
816 7.04223
817 7.44833
818 7.36141
819 6.77118
820 6.76348
821 7.33202
822 7.5618
823 7.19807
824 6.47018
825 6.6748
826 6.84669
827 7.41496
828 7.08526
829 6.75652
830 7.07667
831 7.87717
832 7.78542
833 7.64564
834 7.94334
835 7.52336
836 8.24732
837 7.54915
838 7.13576
839 7.1984
840 7.3996
841 8.65094
842 7.59702
843 7.3561
844 7.17431
845 7.1059
846 7.24862
847 7.05827
848 6.58381
849 6.79699
850 6.74438
851 6.39445
852 6.61632
853 7.26294
854 7.73001
855 7.72283
856 7.04024
857 6.78146
858 6.6577
859 6.80063
860 6.83209
861 6.95498
862 7.63335
863 7.40746
864 7.4287
865 7.82806
866 7.64206
867 7.40593
868 7.31809
869 6.88613
870 6.70856
871 7.01688
872 7.0025
873 6.67874
874 6.48088
875 7.4781
876 7.44535
877 6.89587
878 6.95075
879 7.33545
880 7.78449
881 7.27122
882 7.17852
883 7.22799
884 6.74537
885 6.89702
886 6.55271
887 7.38229
888 7.39601
889 7.65932
890 7.82686
891 7.68138
892 7.80097
893 8.32025
894 7.42684
895 6.93736
896 7.29467
897 7.48726
898 7.78936
899 7.5016
900 6.92083
901 7.16937
902 6.82843
903 6.9933
904 7.39293
905 7.24208
906 7.61517
907 7.61471
908 8.05937
909 8.30101
910 8.09265
911 7.80154
912 7.78283
913 8.08074
914 8.11509
915 7.75138
916 7.90778
917 7.60256
918 7.37849
919 8.27685
920 8.34655
921 7.67543
922 7.53942
923 7.14673
924 6.8988
925 6.78697
926 6.85693
927 7.05909
928 6.71822
929 7.27253
930 7.74239
931 8.16509
932 7.76675
933 7.45096
934 7.06073
935 7.71087
936 7.30368
937 7.80989
938 7.40048
939 6.85799
940 6.99777
941 6.62825
942 6.73228
943 6.74766
944 7.02454
945 7.56731
946 7.57507
947 7.61066
948 7.19681
949 7.13086
950 7.22573
951 6.57634
952 6.63076
953 6.87807
954 7.76761
955 7.46982
956 7.57199
957 7.06146
958 6.92022
959 7.12332
960 6.75324
961 6.56414
962 7.42775
963 7.63513
964 7.3254
965 7.19965
966 7.27646
967 7.16604
968 7.22461
969 6.97297
970 6.98663
971 7.38078
972 6.69157
973 7.03939
974 7.67079
975 6.64214
976 6.81388
977 7.09749
978 6.90293
979 6.95555
980 7.13563
981 7.55991
982 7.43132
983 7.76184
984 7.23364
985 7.14165
986 7.11509
987 7.01698
988 6.38108
989 6.29982
990 6.99035
991 7.11448
992 7.23269
993 7.48299
994 7.19989
995 7.49405
996 7.47652
997 7.64191
998 7.65797
999 7.93975
1000 7.94578
1001 7.05067
1002 7.35361
1003 7.49755
1004 7.46068
1005 6.91134
1006 6.77958
1007 6.85543
1008 6.75974
1009 6.78609
1010 6.93768
1011 7.09239
1012 7.66709
1013 7.55972
1014 7.48819
1015 7.17863
1016 7.33702
1017 7.16659
1018 7.65766
1019 7.03554
1020 6.72202
1021 7.08237
1022 7.24951
1023 7.47315
1024 7.10754
1025 7.09288
1026 6.58531
1027 6.51738
1028 6.99786
1029 7.85885
1030 7.21973
1031 7.10658
1032 7.13835
1033 7.22034
1034 7.16351
1035 7.17643
1036 7.2022
1037 6.87359
1038 7.11134
1039 7.26818
1040 7.10371
1041 6.4798
1042 6.44992
1043 6.87318
1044 6.8752
1045 6.62459
1046 6.64353
1047 6.43767
1048 7.06183
1049 7.38662
1050 6.91317
1051 7.18125
1052 7.03275
1053 7.34131
1054 7.16577
1055 6.95993
1056 7.46447
1057 7.59711
1058 7.56743
1059 7.35653
1060 6.7257
1061 6.75554
1062 6.61067
1063 6.7587
1064 6.82132
1065 6.54808
1066 6.31466
1067 6.62854
1068 7.35802
1069 7.23225
1070 7.25476
1071 6.90356
1072 7.136
1073 6.96848
1074 7.02401
1075 7.61113
1076 7.05639
1077 6.71916
1078 6.7531
1079 6.78189
1080 7.07288
1081 7.19223
1082 7.69319
1083 7.52714
1084 8.0448
1085 7.66034
1086 7.64529
1087 7.38237
1088 7.06992
1089 6.36085
1090 6.73818
1091 6.60168
1092 6.55303
1093 6.5783
1094 7.01593
1095 7.4918
1096 7.12912
1097 6.97065
1098 6.76831
1099 6.75087
1100 6.5328
1101 7.19406
1102 7.50478
1103 7.3101
1104 7.33681
1105 6.91445
1106 7.32218
1107 7.39333
1108 7.10507
1109 7.21043
1110 6.81719
1111 7.38575
1112 7.67342
1113 7.36073
1114 7.99291
1115 8.38715
1116 7.50909
1117 7.52512
1118 6.99232
1119 6.95276
1120 6.96655
1121 7.64799
1122 7.65946
1123 7.20697
1124 7.18577
1125 6.8634
1126 6.74699
1127 7.4956
1128 7.1761
1129 7.46052
1130 7.4152
1131 8.19708
1132 7.87659
1133 8.23373
1134 8.26194
1135 7.56132
1136 7.29451
1137 6.60395
1138 6.68696
1139 6.57004
1140 6.81792
1141 6.61244
1142 7.28515
1143 8.12092
1144 7.94756
1145 7.54547
1146 6.97322
1147 6.64531
1148 6.75655
1149 7.44073
1150 6.95027
1151 6.98124
1152 7.05895
1153 7.02717
1154 7.22405
1155 7.15832
1156 7.34188
1157 6.72002
1158 6.79474
1159 7.05206
1160 7.19856
1161 7.10977
1162 7.07115
1163 7.62302
1164 7.21572
1165 6.65802
1166 6.74368
1167 6.67839
1168 6.87436
1169 7.14667
1170 7.68517
1171 7.51044
1172 6.91184
1173 6.36364
1174 6.34843
1175 6.8276
1176 7.13197
1177 7.68779
1178 7.57006
1179 7.60921
1180 7.77139
1181 7.54826
1182 6.81994
1183 7.43764
1184 7.23907
1185 7.5211
1186 7.85485
1187 7.33239
1188 7.29668
1189 7.75091
1190 7.45186
1191 7.4817
1192 6.98383
1193 7.14716
1194 6.68113
1195 6.75448
1196 6.58033
1197 6.5605
1198 6.48572
1199 6.95447
1200 6.88703
1201 7.17374
1202 7.0146
1203 7.22603
1204 7.47392
1205 8.50943
1206 7.61319
1207 8.15572
1208 7.53523
1209 7.39577
1210 7.37617
1211 7.91721
1212 7.04743
1213 7.48069
1214 6.92896
1215 6.94069
1216 7.02805
1217 7.01872
1218 7.09655
1219 6.99092
1220 6.73943
1221 6.73039
1222 7.24445
1223 6.92589
1224 6.83495
1225 6.70901
1226 6.93435
1227 6.71624
1228 6.38616
1229 6.65875
1230 6.33161
1231 6.24138
1232 7.22821
1233 7.50881
1234 7.60946
1235 7.12381
1236 7.03199
1237 6.79691
1238 6.6199
1239 6.69161
1240 6.70866
1241 7.42304
1242 8.05881
1243 7.69005
1244 7.68332
1245 7.18452
1246 7.12588
1247 6.47045
1248 7.32007
1249 7.07996
1250 7.38672
1251 7.84571
1252 7.47582
1253 6.98187
1254 7.04992
1255 7.25743
1256 7.37797
1257 7.89312
1258 7.91993
1259 6.79989
1260 7.82857
1261 7.49542
1262 7.47621
1263 7.79537
1264 7.54392
1265 7.48016
1266 6.94118
1267 6.96125
1268 7.52673
1269 6.88633
1270 7.12808
1271 7.42612
1272 7.01931
1273 7.32509
1274 7.23309
1275 7.5448
1276 7.24413
1277 7.28359
1278 7.34437
1279 7.78794
1280 6.61342
1281 7.05789
1282 7.03889
1283 7.38013
1284 7.55508
1285 7.64911
1286 7.49798
1287 7.98129
1288 6.82704
1289 7.76854
1290 6.8565
1291 7.10285
1292 6.92025
1293 7.15901
1294 7.23204
1295 6.92263
1296 6.46734
1297 6.98961
1298 6.75737
1299 6.54601
1300 7.07597
1301 7.66198
1302 7.56743
1303 6.6786
1304 6.91388
1305 7.72826
1306 7.39126
1307 7.24495
1308 7.06997
1309 6.77314
1310 7.00361
1311 7.18964
1312 6.98853
1313 7.04356
1314 6.73558
1315 7.66952
1316 6.99708
1317 7.0959
1318 6.50806
1319 6.31533
1320 6.93732
1321 7.47953
1322 7.62248
1323 8.28581
1324 7.62496
1325 7.15372
1326 7.03842
1327 7.28738
1328 7.36311
1329 7.80245
1330 7.56469
1331 8.59159
1332 7.83759
1333 6.90112
1334 6.99348
1335 7.01322
1336 6.80127
1337 6.39634
1338 6.57278
1339 6.77976
1340 7.32341
1341 7.41202
1342 7.65241
1343 7.88905
1344 7.85611
1345 8.08116
1346 8.03469
1347 8.01162
1348 8.10627
1349 7.7967
1350 7.79458
1351 7.64413
1352 8.07506
1353 7.70075
1354 7.981
1355 7.64979
1356 7.57026
1357 7.49466
1358 8.05331
1359 8.15233
1360 8.43211
1361 7.52907
1362 7.1224
1363 7.79992
1364 7.13706
1365 7.26383
1366 7.15727
1367 7.60097
1368 7.61787
1369 7.5558
1370 8.22133
1371 6.73473
1372 6.61164
1373 6.90219
1374 6.97413
1375 7.32832
1376 7.0537
1377 7.49244
1378 7.61429
1379 7.65367
1380 7.52169
1381 7.02398
1382 6.54803
1383 6.75091
1384 6.56826
1385 6.3102
1386 6.30631
1387 6.32329
1388 6.35201
1389 6.5972
1390 6.9839
1391 6.87255
1392 6.80523
1393 6.5296
1394 7.32095
1395 7.65827
1396 7.02541
1397 6.99327
1398 6.64496
1399 6.28654
1400 6.31782
1401 6.6642
1402 8.06184
1403 7.86568
1404 7.72194
1405 7.33409
1406 7.01815
1407 7.24164
1408 7.16619
1409 6.5493
1410 6.5453
1411 6.80332
1412 6.44818
1413 6.76759
1414 6.81141
1415 7.18578
1416 6.70877
1417 6.50304
1418 7.32275
1419 7.29606
1420 7.07557
1421 7.41496
1422 7.59484
1423 7.10852
1424 6.55627
1425 7.62843
1426 7.50199
1427 7.34748
1428 7.21992
1429 6.98349
1430 7.04241
1431 7.79553
1432 8.28489
1433 7.48588
1434 7.38072
1435 7.21945
1436 7.15785
1437 7.19464
1438 7.02735
1439 6.4758
1440 6.66268
1441 6.33768
1442 7.05585
1443 7.28307
1444 7.02541
1445 7.18199
1446 7.9492
1447 8.24772
1448 7.28196
1449 7.37961
1450 7.56812
1451 7.73215
1452 7.61964
1453 7.7605
1454 8.17764
1455 7.80207
1456 8.9551
1457 8.33926
1458 7.7032
1459 7.3048
1460 7.40841
1461 7.66649
1462 7.58263
1463 7.46622
1464 7.35545
1465 7.78592
1466 8.09842
1467 7.76936
1468 7.71364
1469 7.40538
1470 6.87109
1471 7.13894
1472 7.57204
1473 7.61459
1474 7.85259
1475 6.89815
1476 6.92452
1477 7.02868
1478 6.78948
1479 6.61264
1480 7.76897
1481 7.33552
1482 6.63512
1483 6.81911
1484 7.19483
1485 7.22011
1486 7.24191
1487 6.92629
1488 7.3318
1489 7.13505
1490 7.11164
1491 6.94065
1492 7.95939
1493 7.2737
1494 6.99153
1495 7.05241
1496 7.01432
1497 6.88501
1498 7.26438
1499 6.64157
1500 6.66207
1501 7.18675
1502 7.78317
1503 7.4566
1504 7.62177
1505 7.31109
1506 7.55275
1507 7.39525
1508 7.3699
1509 7.39285
1510 7.31401
1511 7.31916
1512 7.09182
1513 7.51994
1514 7.52915
1515 7.29349
1516 7.29196
1517 7.59866
1518 6.95185
1519 7.24091
1520 7.50432
1521 6.9077
1522 7.29922
1523 7.2101
1524 6.95745
1525 6.77647
1526 7.15243
1527 7.12437
1528 7.14607
1529 6.91239
1530 6.81821
1531 7.0993
1532 6.36365
1533 7.39628
1534 7.57953
1535 7.4131
1536 6.55262
1537 6.59007
1538 7.34374
1539 7.50652
1540 7.05786
1541 7.1265
1542 6.87527
1543 6.50993
1544 6.82192
1545 6.54291
1546 6.53259
1547 6.76525
1548 6.94656
1549 6.7152
1550 7.03121
1551 7.13527
1552 7.05625
1553 7.48976
1554 7.88242
1555 8.43217
1556 8.81248
1557 9.68686
1558 8.43735
1559 8.15356
1560 8.05171
1561 8.21357
1562 8.98874
1563 9.05501
1564 8.76651
1565 8.58463
1566 8.11914
1567 8.29891
1568 8.59359
1569 7.83009
1570 7.734
1571 7.81375
1572 7.42797
1573 7.40818
1574 7.2703
1575 7.76433
1576 7.81008
1577 7.30848
1578 6.97102
1579 7.06825
1580 6.64276
1581 6.89665
1582 7.19456
1583 7.24142
1584 7.71612
1585 7.73627
1586 6.69241
1587 6.86329
1588 7.35919
1589 7.31691
1590 7.72298
1591 7.65523
1592 7.58826
1593 7.917
1594 7.7456
1595 7.97999
1596 7.81246
1597 7.81415
1598 7.58558
1599 7.53525
1600 7.11355
1601 6.6138
1602 6.80832
1603 7.04233
1604 6.96837
1605 7.6335
1606 7.30577
1607 7.43121
1608 7.51266
1609 7.76978
1610 7.30595
1611 7.29809
1612 7.02421
1613 7.94988
1614 7.84255
1615 7.77606
1616 7.89172
1617 7.88379
1618 7.9606
1619 6.9081
1620 7.20915
1621 6.91765
1622 7.13432
1623 7.09042
1624 7.63268
1625 8.26408
1626 7.61531
1627 7.25574
1628 6.56388
1629 7.58682
1630 7.72471
1631 6.82273
1632 7.56584
1633 7.29666
1634 6.81952
1635 7.48442
1636 7.83508
1637 7.95597
1638 7.35357
1639 7.06497
1640 6.77592
1641 6.67623
1642 7.01596
1643 6.48172
1644 7.10092
1645 6.93047
1646 6.61877
1647 6.85713
1648 7.06087
1649 6.96126
1650 6.85934
1651 7.31427
1652 6.64105
1653 6.46104
1654 6.68411
1655 6.72152
1656 6.44988
1657 6.61212
1658 7.02468
1659 7.168
1660 7.42016
1661 8.05819
1662 7.99511
1663 7.7208
1664 8.18337
1665 8.19801
1666 8.02255
1667 7.74884
1668 7.20289
1669 7.33264
1670 7.55973
1671 7.3949
1672 7.61719
1673 8.3003
1674 7.94681
1675 7.86358
1676 8.92912
1677 8.70431
1678 8.27916
1679 7.58767
1680 7.97461
1681 7.47536
1682 6.77487
1683 6.77029
1684 6.4703
1685 6.48427
1686 6.94031
1687 7.05893
1688 6.63861
1689 6.88614
1690 7.47641
1691 7.52094
1692 6.83455
1693 7.28316
1694 7.08556
1695 7.1789
1696 7.00806
1697 7.31143
1698 7.74881
1699 7.07992
1700 7.06996
1701 6.99556
1702 7.35169
1703 7.27282
1704 7.46062
1705 6.75061
1706 6.96139
1707 6.8839
1708 7.18685
1709 7.6109
1710 7.13489
1711 7.29389
1712 7.25765
1713 6.83404
1714 7.66867
1715 7.36423
1716 7.0423
1717 7.20211
1718 7.71238
1719 8.12524
1720 8.25678
1721 8.29653
1722 8.63008
1723 8.58705
1724 8.71594
1725 8.51371
1726 7.28127
1727 7.41968
1728 7.20583
1729 7.52719
1730 6.94868
1731 7.55828
1732 7.25609
1733 7.18478
1734 7.32825
1735 7.36902
1736 7.58739
1737 7.56841
1738 7.38402
1739 7.66117
1740 8.19864
1741 8.22361
1742 7.61239
1743 7.57271
1744 7.83041
1745 7.16069
1746 6.99239
1747 6.83203
1748 7.11069
1749 7.18583
1750 7.57845
1751 7.52323
1752 7.13416
1753 7.11137
1754 7.12561
1755 7.00711
1756 7.302
1757 8.0304
1758 8.23233
1759 8.12117
1760 7.92814
1761 7.36504
1762 7.45011
1763 6.82251
1764 7.13788
1765 6.75217
1766 6.81615
1767 6.60395
1768 7.21279
1769 7.06486
1770 7.31404
1771 7.33421
1772 7.39452
1773 6.88069
1774 6.7709
1775 7.41384
1776 7.57326
1777 7.73339
1778 7.49887
1779 7.46526
1780 7.81888
1781 7.55107
1782 7.46067
1783 7.18088
1784 7.1216
1785 7.32513
1786 8.22772
1787 7.34929
1788 7.65511
1789 6.99446
1790 7.00572
1791 6.53327
1792 6.80954
1793 6.62123
1794 6.94369
1795 6.44042
1796 6.49665
1797 6.37988
1798 6.57673
1799 7.12916
1800 7.22214
1801 7.30504
1802 6.92948
1803 7.13671
1804 6.92426
1805 7.00723
1806 7.68788
1807 7.52579
1808 7.84963
1809 7.49153
1810 7.47676
1811 7.8266
1812 8.06394
1813 7.81726
1814 7.07409
1815 7.6599
1816 7.2724
1817 6.99205
1818 6.9044
1819 7.6573
1820 7.36794
1821 7.52562
1822 7.13061
1823 7.52604
1824 7.48068
1825 7.48743
1826 7.00284
1827 7.03541
1828 7.09633
1829 7.53159
1830 7.08315
1831 7.42243
1832 7.18616
1833 7.2118
1834 6.72682
1835 7.73565
1836 6.75985
1837 6.50619
1838 6.42388
1839 6.99961
1840 7.04296
1841 7.64784
1842 6.90442
1843 7.86136
1844 8.1528
1845 8.01342
1846 8.16786
1847 8.00177
1848 7.55139
1849 7.94088
1850 7.23987
1851 7.03651
1852 7.26969
1853 7.70457
1854 7.98479
1855 7.53718
1856 7.69849
1857 7.54677
1858 7.40564
1859 7.86881
1860 7.72868
1861 7.15204
1862 6.79464
1863 6.97635
1864 7.4702
1865 6.74194
1866 7.30274
1867 6.7871
1868 6.72216
1869 6.98026
1870 6.55667
1871 6.63387
1872 7.21934
1873 7.32969
1874 7.63607
1875 7.21688
1876 6.77592
1877 6.59854
1878 7.12833
1879 7.23057
1880 6.901
1881 6.8435
1882 7.18414
1883 6.73637
1884 7.00128
1885 6.72032
1886 7.12639
1887 7.14801
1888 7.96311
1889 7.47312
1890 7.49262
1891 7.17125
1892 7.88999
1893 7.61636
1894 8.20245
1895 8.26406
1896 7.3778
1897 7.17528
1898 7.11914
1899 6.84608
1900 6.92839
1901 7.04501
1902 6.98916
1903 7.58512
1904 7.51824
1905 7.7975
1906 6.8468
1907 7.00031
1908 7.79565
1909 7.60955
1910 7.59762
1911 8.39231
1912 9.04273
1913 8.05209
1914 7.91278
1915 7.91562
1916 6.81076
1917 6.82411
1918 7.22518
1919 7.74732
1920 7.97573
1921 7.85558
1922 6.92598
1923 7.36513
1924 7.33063
1925 6.97286
1926 7.0216
1927 7.60815
1928 7.72981
1929 7.50814
1930 7.51758
1931 7.57284
1932 8.24008
1933 7.15842
1934 7.4208
1935 7.66263
1936 7.76547
1937 8.05505
1938 7.65357
1939 7.28196
1940 7.30688
1941 7.1733
1942 6.76146
1943 7.21803
1944 7.92247
1945 8.42343
1946 8.05825
1947 8.06097
1948 7.71447
1949 7.81474
1950 7.48417
1951 7.48695
1952 7.34591
1953 7.72874
1954 8.2952
1955 7.90795
1956 8.35683
1957 8.0522
1958 8.10096
1959 7.80692
1960 7.78248
1961 7.52896
1962 7.16275
1963 7.63296
1964 8.06257
1965 8.01086
1966 7.18458
1967 6.89416
1968 7.38328
1969 7.46624
1970 7.16315
1971 7.54681
1972 7.25685
1973 6.76213
1974 6.73841
1975 7.25683
1976 6.96508
1977 7.11742
1978 6.89154
1979 6.9541
1980 7.20157
1981 7.21526
1982 7.30295
1983 7.44541
1984 7.25003
1985 6.29196
1986 6.76199
1987 7.0322
1988 7.22558
1989 6.79056
1990 6.44336
1991 6.93665
1992 6.85148
1993 6.77268
1994 6.62359
1995 6.98405
1996 7.26232
1997 7.59198
1998 6.75252
1999 6.47239
2000 6.71255
