1 31.6234
2 31.6234
3 30.2913
4 30.0925
5 26.5953
6 26.5953
7 25.531
8 24.731
9 24.731
10 23.7198
11 23.6867
12 23.7198
13 23.7198
14 23.7198
15 23.4518
16 23.4518
17 23.3163
18 22.8407
19 22.7405
20 20.161
21 20.161
22 20.161
23 19.913
24 19.8812
25 18.5681
26 18.455
27 18.4319
28 17.6104
29 17.6104
30 16.3807
31 16.3807
32 16.3807
33 14.7509
34 14.7509
35 14.7509
36 14.7509
37 14.7509
38 14.7474
39 14.4154
40 12.6825
41 12.6235
42 11.8161
43 11.8161
44 10.8123
45 11.8161
46 11.6484
47 11.1699
48 10.9893
49 10.9893
50 10.7204
51 10.4899
52 10.4899
53 10.4899
54 10.4899
55 10.4899
56 10.4899
57 10.4899
58 10.4227
59 10.4227
60 10.4227
61 10.4227
62 9.81891
63 9.81891
64 9.81891
65 9.81891
66 9.39351
67 9.39351
68 9.39351
69 9.39351
70 9.39351
71 9.3002
72 8.80173
73 8.80173
74 8.59711
75 8.59711
76 8.59711
77 8.59711
78 8.59711
79 8.59082
80 8.28645
81 8.28645
82 8.17119
83 8.17119
84 8.17119
85 8.17119
86 8.17119
87 8.17119
88 8.10401
89 8.17119
90 7.24976
91 7.24976
92 7.24976
93 7.24976
94 7.24976
95 7.24976
96 7.24976
97 7.24976
98 6.52037
99 6.52037
100 6.45319
101 6.45319
102 6.45319
103 6.45319
104 6.45319
105 6.45319
106 6.45319
107 6.45319
108 6.44756
109 6.44756
110 6.44681
111 6.44681
112 6.44681
113 6.44639
114 6.44639
115 6.44639
116 6.44639
117 6.44639
118 6.44639
119 6.44639
120 6.27807
121 6.27807
122 6.27807
123 6.27807
124 6.27807
125 6.27807
126 6.27807
127 6.27807
128 6.27132
129 6.27132
130 6.27807
131 6.27807
132 6.27807
133 6.27807
134 6.27807
135 6.27807
136 6.27807
137 6.27807
138 6.27807
139 6.27807
140 6.27132
141 6.27132
142 6.27132
143 6.27132
144 6.27132
145 6.27132
146 6.27132
147 6.27132
148 6.27132
149 6.27132
150 6.27132
151 6.27132
152 6.27132
153 6.27132
154 6.27132
155 6.27132
156 6.27132
157 6.27132
158 6.27132
159 6.27132
160 6.24138
161 6.24138
162 6.24138
163 6.24138
164 6.24138
165 6.24138
166 6.24138
167 6.24138
168 6.24138
169 6.24138
170 6.24138
171 6.24138
172 6.24138
173 6.24138
174 6.24138
175 6.24138
176 6.24138
177 6.24138
178 6.24138
179 6.24138
180 6.24138
181 6.24138
182 6.24138
183 6.24138
184 6.24138
185 6.24138
186 6.24138
187 6.24138
188 6.24138
189 6.24138
190 6.24138
191 6.24138
192 6.24138
193 6.24138
194 6.24138
195 6.24138
196 6.24138
197 6.24138
198 6.24138
199 6.24138
200 6.24138
201 6.24138
202 6.24138
203 6.24138
204 6.24138
205 6.24138
206 6.24138
207 6.24138
208 6.24138
209 6.24138
210 6.24138
211 6.24138
212 6.24138
213 6.24138
214 6.24138
215 6.24138
216 6.24138
217 6.24138
218 6.24138
219 6.24138
220 6.24138
221 6.24138
222 6.24138
223 6.24138
224 6.24138
225 6.24138
226 6.24138
227 6.24138
228 6.24138
229 6.24138
230 6.24138
231 6.24138
232 6.24138
233 6.24138
234 6.24138
235 6.24138
236 6.24138
237 6.24138
238 6.24138
239 6.24138
240 6.24138
241 6.24138
242 6.24138
243 6.24138
244 6.24138
245 6.24138
246 6.24138
247 6.24138
248 6.24138
249 6.24138
250 6.24138
251 6.24138
252 6.24138
253 6.24138
254 6.24138
255 6.24138
256 6.24138
257 6.24138
258 6.24138
259 6.24138
260 6.24138
261 6.24138
262 6.24138
263 6.24138
264 6.24138
265 6.24138
266 6.24138
267 6.24138
268 6.24138
269 6.24138
270 6.24138
271 6.24138
272 6.24138
273 6.24138
274 6.24138
275 6.24138
276 6.24138
277 6.24138
278 6.24138
279 6.24138
280 6.24138
281 6.24138
282 6.24138
283 6.24138
284 6.24138
285 6.24138
286 6.24138
287 6.24138
288 6.24138
289 6.24138
290 6.24138
291 6.24138
292 6.24138
293 6.24138
294 6.24138
295 6.24138
296 6.24138
297 6.24138
298 6.24138
299 6.24138
300 6.24138
301 6.24138
302 6.24138
303 6.24138
304 6.24138
305 6.24138
306 6.24138
307 6.24138
308 6.24138
309 6.24138
310 6.24138
311 6.24138
312 6.24138
313 6.24138
314 6.24138
315 6.24138
316 6.24138
317 6.24138
318 6.24138
319 6.24138
320 6.24138
321 6.24138
322 6.24138
323 6.24138
324 6.24138
325 6.24138
326 6.24138
327 6.24138
328 6.24138
329 6.24138
330 6.24138
331 6.24138
332 6.24138
333 6.24138
334 6.24138
335 6.24138
336 6.24138
337 6.24138
338 6.24138
339 6.24138
340 6.24138
341 6.24138
342 6.24138
343 6.24138
344 6.24138
345 6.24138
346 6.24138
347 6.24138
348 6.24138
349 6.24138
350 6.24138
351 6.24138
352 6.24138
353 6.24138
354 6.24138
355 6.24138
356 6.24138
357 6.24138
358 6.24138
359 6.24138
360 6.24138
361 6.24138
362 6.24138
363 6.24138
364 6.24138
365 6.24138
366 6.24138
367 6.24138
368 6.24138
369 6.24138
370 6.24138
371 6.24138
372 6.24138
373 6.24138
374 6.24138
375 6.24138
376 6.24138
377 6.24138
378 6.24138
379 6.24138
380 6.24138
381 6.24138
382 6.24138
383 6.24138
384 6.24138
385 6.24138
386 6.24138
387 6.24138
388 6.24138
389 6.24138
390 6.24138
391 6.24138
392 6.24138
393 6.24138
394 6.24138
395 6.24138
396 6.24138
397 6.24138
398 6.24138
399 6.24138
400 6.24138
401 6.24138
402 6.24138
403 6.24138
404 6.24138
405 6.24138
406 6.24138
407 6.24138
408 6.24138
409 6.24138
410 6.24138
411 6.24138
412 6.24138
413 6.24138
414 6.24138
415 6.24138
416 6.24138
417 6.24138
418 6.24138
419 6.24138
420 6.24138
421 6.24138
422 6.24138
423 6.24138
424 6.24138
425 6.24138
426 6.24138
427 6.24138
428 6.24138
429 6.24138
430 6.24138
431 6.24138
432 6.24138
433 6.24138
434 6.24138
435 6.24138
436 6.24138
437 6.24138
438 6.24138
439 6.24138
440 6.24138
441 6.24138
442 6.24138
443 6.24138
444 6.24138
445 6.24138
446 6.24138
447 6.24138
448 6.24138
449 6.24138
450 6.24138
451 6.24138
452 6.24138
453 6.24138
454 6.24138
455 6.24138
456 6.24138
457 6.24138
458 6.24138
459 6.24138
460 6.24138
461 6.24138
462 6.24138
463 6.24138
464 6.24138
465 6.24138
466 6.24138
467 6.24138
468 6.24138
469 6.24138
470 6.24138
471 6.24138
472 6.24138
473 6.24138
474 6.24138
475 6.24138
476 6.24138
477 6.24138
478 6.24138
479 6.24138
480 6.24138
481 6.24138
482 6.24138
483 6.24138
484 6.24138
485 6.24138
486 6.24138
487 6.24138
488 6.24138
489 6.24138
490 6.24138
491 6.24138
492 6.24138
493 6.24138
494 6.24138
495 6.24138
496 6.24138
497 6.24138
498 6.24138
499 6.24138
500 6.24138
501 6.24138
502 6.24138
503 6.24138
504 6.24138
505 6.24138
506 6.24138
507 6.24138
508 6.24138
509 6.24138
510 6.24138
511 6.24138
512 6.24138
513 6.24138
514 6.24138
515 6.24138
516 6.24138
517 6.24138
518 6.24138
519 6.24138
520 6.24138
521 6.24138
522 6.24138
523 6.24138
524 6.24138
525 6.24138
526 6.24138
527 6.24138
528 6.24138
529 6.24138
530 6.24138
531 6.24138
532 6.24138
533 6.24138
534 6.24138
535 6.24138
536 6.24138
537 6.24138
538 6.24138
539 6.24138
540 6.24138
541 6.24138
542 6.24138
543 6.24138
544 6.24138
545 6.24138
546 6.24138
547 6.24138
548 6.24138
549 6.24138
550 6.24138
551 6.24138
552 6.24138
553 6.24138
554 6.24138
555 6.24138
556 6.24138
557 6.24138
558 6.24138
559 6.24138
560 6.24138
561 6.24138
562 6.24138
563 6.24138
564 6.24138
565 6.24138
566 6.24138
567 6.24138
568 6.24138
569 6.24138
570 6.24138
571 6.24138
572 6.24138
573 6.24138
574 6.24138
575 6.24138
576 6.24138
577 6.24138
578 6.24138
579 6.24138
580 6.24138
581 6.24138
582 6.24138
583 6.24138
584 6.24138
585 6.24138
586 6.24138
587 6.24138
588 6.24138
589 6.24138
590 6.24138
591 6.24138
592 6.24138
593 6.24138
594 6.24138
595 6.24138
596 6.24138
597 6.24138
598 6.24138
599 6.24138
600 6.24138
601 6.24138
602 6.24138
603 6.24138
604 6.24138
605 6.24138
606 6.24138
607 6.24138
608 6.24138
609 6.24138
610 6.24138
611 6.24138
612 6.24138
613 6.24138
614 6.24138
615 6.24138
616 6.24138
617 6.24138
618 6.24138
619 6.24138
620 6.24138
621 6.24138
622 6.24138
623 6.24138
624 6.24138
625 6.24138
626 6.24138
627 6.24138
628 6.24138
629 6.24138
630 6.24138
631 6.24138
632 6.24138
633 6.24138
634 6.24138
635 6.24138
636 6.24138
637 6.24138
638 6.24138
639 6.24138
640 6.24138
641 6.24138
642 6.24138
643 6.24138
644 6.24138
645 6.24138
646 6.24138
647 6.24138
648 6.24138
649 6.24138
650 6.24138
651 6.24138
652 6.24138
653 6.24138
654 6.24138
655 6.24138
656 6.24138
657 6.24138
658 6.24138
659 6.24138
660 6.24138
661 6.24138
662 6.24138
663 6.24138
664 6.24138
665 6.24138
666 6.24138
667 6.24138
668 6.24138
669 6.24138
670 6.24138
671 6.24138
672 6.24138
673 6.24138
674 6.24138
675 6.24138
676 6.24138
677 6.24138
678 6.24138
679 6.24138
680 6.24138
681 6.24138
682 6.24138
683 6.24138
684 6.24138
685 6.24138
686 6.24138
687 6.24138
688 6.24138
689 6.24138
690 6.24138
691 6.24138
692 6.24138
693 6.24138
694 6.24138
695 6.24138
696 6.24138
697 6.24138
698 6.24138
699 6.24138
700 6.24138
701 6.24138
702 6.24138
703 6.24138
704 6.24138
705 6.24138
706 6.24138
707 6.24138
708 6.24138
709 6.24138
710 6.24138
711 6.24138
712 6.24138
713 6.24138
714 6.24138
715 6.24138
716 6.24138
717 6.24138
718 6.24138
719 6.24138
720 6.24138
721 6.24138
722 6.24138
723 6.24138
724 6.24138
725 6.24138
726 6.24138
727 6.24138
728 6.24138
729 6.24138
730 6.24138
731 6.24138
732 6.24138
733 6.24138
734 6.24138
735 6.24138
736 6.24138
737 6.24138
738 6.24138
739 6.24138
740 6.24138
741 6.24138
742 6.24138
743 6.24138
744 6.24138
745 6.24138
746 6.24138
747 6.24138
748 6.24138
749 6.24138
750 6.24138
751 6.24138
752 6.24138
753 6.24138
754 6.24138
755 6.24138
756 6.24138
757 6.24138
758 6.24138
759 6.24138
760 6.24138
761 6.24138
762 6.24138
763 6.24138
764 6.24138
765 6.24138
766 6.24138
767 6.24138
768 6.24138
769 6.24138
770 6.24138
771 6.24138
772 6.24138
773 6.24138
774 6.24138
775 6.24138
776 6.24138
777 6.24138
778 6.24138
779 6.24138
780 6.24138
781 6.24138
782 6.24138
783 6.24138
784 6.24138
785 6.24138
786 6.24138
787 6.24138
788 6.24138
789 6.24138
790 6.24138
791 6.24138
792 6.24138
793 6.24138
794 6.24138
795 6.24138
796 6.24138
797 6.24138
798 6.24138
799 6.24138
800 6.24138
801 6.24138
802 6.24138
803 6.24138
804 6.24138
805 6.24138
806 6.24138
807 6.24138
808 6.24138
809 6.24138
810 6.24138
811 6.24138
812 6.24138
813 6.24138
814 6.24138
815 6.24138
816 6.24138
817 6.24138
818 6.24138
819 6.24138
820 6.24138
821 6.24138
822 6.24138
823 6.24138
824 6.24138
825 6.24138
826 6.24138
827 6.24138
828 6.24138
829 6.24138
830 6.24138
831 6.24138
832 6.24138
833 6.24138
834 6.24138
835 6.24138
836 6.24138
837 6.24138
838 6.24138
839 6.24138
840 6.24138
841 6.24138
842 6.24138
843 6.24138
844 6.24138
845 6.24138
846 6.24138
847 6.24138
848 6.24138
849 6.24138
850 6.24138
851 6.24138
852 6.24138
853 6.24138
854 6.24138
855 6.24138
856 6.24138
857 6.24138
858 6.24138
859 6.24138
860 6.24138
861 6.24138
862 6.24138
863 6.24138
864 6.24138
865 6.24138
866 6.24138
867 6.24138
868 6.24138
869 6.24138
870 6.24138
871 6.24138
872 6.24138
873 6.24138
874 6.24138
875 6.24138
876 6.24138
877 6.24138
878 6.24138
879 6.24138
880 6.24138
881 6.24138
882 6.24138
883 6.24138
884 6.24138
885 6.24138
886 6.24138
887 6.24138
888 6.24138
889 6.24138
890 6.24138
891 6.24138
892 6.24138
893 6.24138
894 6.24138
895 6.24138
896 6.24138
897 6.24138
898 6.24138
899 6.24138
900 6.24138
901 6.24138
902 6.24138
903 6.24138
904 6.24138
905 6.24138
906 6.24138
907 6.24138
908 6.24138
909 6.24138
910 6.24138
911 6.24138
912 6.24138
913 6.24138
914 6.24138
915 6.24138
916 6.24138
917 6.24138
918 6.24138
919 6.24138
920 6.24138
921 6.24138
922 6.24138
923 6.24138
924 6.24138
925 6.24138
926 6.24138
927 6.24138
928 6.24138
929 6.24138
930 6.24138
931 6.24138
932 6.24138
933 6.24138
934 6.24138
935 6.24138
936 6.24138
937 6.24138
938 6.24138
939 6.24138
940 6.24138
941 6.24138
942 6.24138
943 6.24138
944 6.24138
945 6.24138
946 6.24138
947 6.24138
948 6.24138
949 6.24138
950 6.24138
951 6.24138
952 6.24138
953 6.24138
954 6.24138
955 6.24138
956 6.24138
957 6.24138
958 6.24138
959 6.24138
960 6.24138
961 6.24138
962 6.24138
963 6.24138
964 6.24138
965 6.24138
966 6.24138
967 6.24138
968 6.24138
969 6.24138
970 6.24138
971 6.24138
972 6.24138
973 6.24138
974 6.24138
975 6.24138
976 6.24138
977 6.24138
978 6.24138
979 6.24138
980 6.24138
981 6.24138
982 6.24138
983 6.24138
984 6.24138
985 6.24138
986 6.24138
987 6.24138
988 6.24138
989 6.24138
990 6.24138
991 6.24138
992 6.24138
993 6.24138
994 6.24138
995 6.24138
996 6.24138
997 6.24138
998 6.24138
999 6.24138
1000 6.24138
1001 6.24138
1002 6.24138
1003 6.24138
1004 6.24138
1005 6.24138
1006 6.24138
1007 6.24138
1008 6.24138
1009 6.24138
1010 6.24138
1011 6.24138
1012 6.24138
1013 6.24138
1014 6.24138
1015 6.24138
1016 6.24138
1017 6.24138
1018 6.24138
1019 6.24138
1020 6.24138
1021 6.24138
1022 6.24138
1023 6.24138
1024 6.24138
1025 6.24138
1026 6.24138
1027 6.24138
1028 6.24138
1029 6.24138
1030 6.24138
1031 6.24138
1032 6.24138
1033 6.24138
1034 6.24138
1035 6.24138
1036 6.24138
1037 6.24138
1038 6.24138
1039 6.24138
1040 6.24138
1041 6.24138
1042 6.24138
1043 6.24138
1044 6.24138
1045 6.24138
1046 6.24138
1047 6.24138
1048 6.24138
1049 6.24138
1050 6.24138
1051 6.24138
1052 6.24138
1053 6.24138
1054 6.24138
1055 6.24138
1056 6.24138
1057 6.24138
1058 6.24138
1059 6.24138
1060 6.24138
1061 6.24138
1062 6.24138
1063 6.24138
1064 6.24138
1065 6.24138
1066 6.24138
1067 6.24138
1068 6.24138
1069 6.24138
1070 6.24138
1071 6.24138
1072 6.24138
1073 6.24138
1074 6.24138
1075 6.24138
1076 6.24138
1077 6.24138
1078 6.24138
1079 6.24138
1080 6.24138
1081 6.24138
1082 6.24138
1083 6.24138
1084 6.24138
1085 6.24138
1086 6.24138
1087 6.24138
1088 6.24138
1089 6.24138
1090 6.24138
1091 6.24138
1092 6.24138
1093 6.24138
1094 6.24138
1095 6.24138
1096 6.24138
1097 6.24138
1098 6.24138
1099 6.24138
1100 6.24138
1101 6.24138
1102 6.24138
1103 6.24138
1104 6.24138
1105 6.24138
1106 6.24138
1107 6.24138
1108 6.24138
1109 6.24138
1110 6.24138
1111 6.24138
1112 6.24138
1113 6.24138
1114 6.24138
1115 6.24138
1116 6.24138
1117 6.24138
1118 6.24138
1119 6.24138
1120 6.24138
1121 6.24138
1122 6.24138
1123 6.24138
1124 6.24138
1125 6.24138
1126 6.24138
1127 6.24138
1128 6.24138
1129 6.24138
1130 6.24138
1131 6.24138
1132 6.24138
1133 6.24138
1134 6.24138
1135 6.24138
1136 6.24138
1137 6.24138
1138 6.24138
1139 6.24138
1140 6.24138
1141 6.24138
1142 6.24138
1143 6.24138
1144 6.24138
1145 6.24138
1146 6.24138
1147 6.24138
1148 6.24138
1149 6.24138
1150 6.24138
1151 6.24138
1152 6.24138
1153 6.24138
1154 6.24138
1155 6.24138
1156 6.24138
1157 6.24138
1158 6.24138
1159 6.24138
1160 6.24138
1161 6.24138
1162 6.24138
1163 6.24138
1164 6.24138
1165 6.24138
1166 6.24138
1167 6.24138
1168 6.24138
1169 6.24138
1170 6.24138
1171 6.24138
1172 6.24138
1173 6.24138
1174 6.24138
1175 6.24138
1176 6.24138
1177 6.24138
1178 6.24138
1179 6.24138
1180 6.24138
1181 6.24138
1182 6.24138
1183 6.24138
1184 6.24138
1185 6.24138
1186 6.24138
1187 6.24138
1188 6.24138
1189 6.24138
1190 6.24138
1191 6.24138
1192 6.24138
1193 6.24138
1194 6.24138
1195 6.24138
1196 6.24138
1197 6.24138
1198 6.24138
1199 6.24138
1200 6.24138
1201 6.24138
1202 6.24138
1203 6.24138
1204 6.24138
1205 6.24138
1206 6.24138
1207 6.24138
1208 6.24138
1209 6.24138
1210 6.24138
1211 6.24138
1212 6.24138
1213 6.24138
1214 6.24138
1215 6.24138
1216 6.24138
1217 6.24138
1218 6.24138
1219 6.24138
1220 6.24138
1221 6.24138
1222 6.24138
1223 6.24138
1224 6.24138
1225 6.24138
1226 6.24138
1227 6.24138
1228 6.24138
1229 6.24138
1230 6.24138
1231 6.24138
1232 6.24138
1233 6.24138
1234 6.24138
1235 6.24138
1236 6.24138
1237 6.24138
1238 6.24138
1239 6.24138
1240 6.24138
1241 6.24138
1242 6.24138
1243 6.24138
1244 6.24138
1245 6.24138
1246 6.24138
1247 6.24138
1248 6.24138
1249 6.24138
1250 6.24138
1251 6.24138
1252 6.24138
1253 6.24138
1254 6.24138
1255 6.24138
1256 6.24138
1257 6.24138
1258 6.24138
1259 6.24138
1260 6.24138
1261 6.24138
1262 6.24138
1263 6.24138
1264 6.24138
1265 6.24138
1266 6.24138
1267 6.24138
1268 6.24138
1269 6.24138
1270 6.24138
1271 6.24138
1272 6.24138
1273 6.24138
1274 6.24138
1275 6.24138
1276 6.24138
1277 6.24138
1278 6.24138
1279 6.24138
1280 6.24138
1281 6.24138
1282 6.24138
1283 6.24138
1284 6.24138
1285 6.24138
1286 6.24138
1287 6.24138
1288 6.24138
1289 6.24138
1290 6.24138
1291 6.24138
1292 6.24138
1293 6.24138
1294 6.24138
1295 6.24138
1296 6.24138
1297 6.24138
1298 6.24138
1299 6.24138
1300 6.24138
1301 6.24138
1302 6.24138
1303 6.24138
1304 6.24138
1305 6.24138
1306 6.24138
1307 6.24138
1308 6.24138
1309 6.24138
1310 6.24138
1311 6.24138
1312 6.24138
1313 6.24138
1314 6.24138
1315 6.24138
1316 6.24138
1317 6.24138
1318 6.24138
1319 6.24138
1320 6.24138
1321 6.24138
1322 6.24138
1323 6.24138
1324 6.24138
1325 6.24138
1326 6.24138
1327 6.24138
1328 6.24138
1329 6.24138
1330 6.24138
1331 6.24138
1332 6.24138
1333 6.24138
1334 6.24138
1335 6.24138
1336 6.24138
1337 6.24138
1338 6.24138
1339 6.24138
1340 6.24138
1341 6.24138
1342 6.24138
1343 6.24138
1344 6.24138
1345 6.24138
1346 6.24138
1347 6.24138
1348 6.24138
1349 6.24138
1350 6.24138
1351 6.24138
1352 6.24138
1353 6.24138
1354 6.24138
1355 6.24138
1356 6.24138
1357 6.24138
1358 6.24138
1359 6.24138
1360 6.24138
1361 6.24138
1362 6.24138
1363 6.24138
1364 6.24138
1365 6.24138
1366 6.24138
1367 6.24138
1368 6.24138
1369 6.24138
1370 6.24138
1371 6.24138
1372 6.24138
1373 6.24138
1374 6.24138
1375 6.24138
1376 6.24138
1377 6.24138
1378 6.24138
1379 6.24138
1380 6.24138
1381 6.24138
1382 6.24138
1383 6.24138
1384 6.24138
1385 6.24138
1386 6.24138
1387 6.24138
1388 6.24138
1389 6.24138
1390 6.24138
1391 6.24138
1392 6.24138
1393 6.24138
1394 6.24138
1395 6.24138
1396 6.24138
1397 6.24138
1398 6.24138
1399 6.24138
1400 6.24138
1401 6.24138
1402 6.24138
1403 6.24138
1404 6.24138
1405 6.24138
1406 6.24138
1407 6.24138
1408 6.24138
1409 6.24138
1410 6.24138
1411 6.24138
1412 6.24138
1413 6.24138
1414 6.24138
1415 6.24138
1416 6.24138
1417 6.24138
1418 6.24138
1419 6.24138
1420 6.24138
1421 6.24138
1422 6.24138
1423 6.24138
1424 6.24138
1425 6.24138
1426 6.24138
1427 6.24138
1428 6.24138
1429 6.24138
1430 6.24138
1431 6.24138
1432 6.24138
1433 6.24138
1434 6.24138
1435 6.24138
1436 6.24138
1437 6.24138
1438 6.24138
1439 6.24138
1440 6.24138
1441 6.24138
1442 6.24138
1443 6.24138
1444 6.24138
1445 6.24138
1446 6.24138
1447 6.24138
1448 6.24138
1449 6.24138
1450 6.24138
1451 6.24138
1452 6.24138
1453 6.24138
1454 6.24138
1455 6.24138
1456 6.24138
1457 6.24138
1458 6.24138
1459 6.24138
1460 6.24138
1461 6.24138
1462 6.24138
1463 6.24138
1464 6.24138
1465 6.24138
1466 6.24138
1467 6.24138
1468 6.24138
1469 6.24138
1470 6.24138
1471 6.24138
1472 6.24138
1473 6.24138
1474 6.24138
1475 6.24138
1476 6.24138
1477 6.24138
1478 6.24138
1479 6.24138
1480 6.24138
1481 6.24138
1482 6.24138
1483 6.24138
1484 6.24138
1485 6.24138
1486 6.24138
1487 6.24138
1488 6.24138
1489 6.24138
1490 6.24138
1491 6.24138
1492 6.24138
1493 6.24138
1494 6.24138
1495 6.24138
1496 6.24138
1497 6.24138
1498 6.24138
1499 6.24138
1500 6.24138
1501 6.24138
1502 6.24138
1503 6.24138
1504 6.24138
1505 6.24138
1506 6.24138
1507 6.24138
1508 6.24138
1509 6.24138
1510 6.24138
1511 6.24138
1512 6.24138
1513 6.24138
1514 6.24138
1515 6.24138
1516 6.24138
1517 6.24138
1518 6.24138
1519 6.24138
1520 6.24138
1521 6.24138
1522 6.24138
1523 6.24138
1524 6.24138
1525 6.24138
1526 6.24138
1527 6.24138
1528 6.24138
1529 6.24138
1530 6.24138
1531 6.24138
1532 6.24138
1533 6.24138
1534 6.24138
1535 6.24138
1536 6.24138
1537 6.24138
1538 6.24138
1539 6.24138
1540 6.24138
1541 6.24138
1542 6.24138
1543 6.24138
1544 6.24138
1545 6.24138
1546 6.24138
1547 6.24138
1548 6.24138
1549 6.24138
1550 6.24138
1551 6.24138
1552 6.24138
1553 6.24138
1554 6.24138
1555 6.24138
1556 6.24138
1557 6.24138
1558 6.24138
1559 6.24138
1560 6.24138
1561 6.24138
1562 6.24138
1563 6.24138
1564 6.24138
1565 6.24138
1566 6.24138
1567 6.24138
1568 6.24138
1569 6.24138
1570 6.24138
1571 6.24138
1572 6.24138
1573 6.24138
1574 6.24138
1575 6.24138
1576 6.24138
1577 6.24138
1578 6.24138
1579 6.24138
1580 6.24138
1581 6.24138
1582 6.24138
1583 6.24138
1584 6.24138
1585 6.24138
1586 6.24138
1587 6.24138
1588 6.24138
1589 6.24138
1590 6.24138
1591 6.24138
1592 6.24138
1593 6.24138
1594 6.24138
1595 6.24138
1596 6.24138
1597 6.24138
1598 6.24138
1599 6.24138
1600 6.24138
1601 6.24138
1602 6.24138
1603 6.24138
1604 6.24138
1605 6.24138
1606 6.24138
1607 6.24138
1608 6.24138
1609 6.24138
1610 6.24138
1611 6.24138
1612 6.24138
1613 6.24138
1614 6.24138
1615 6.24138
1616 6.24138
1617 6.24138
1618 6.24138
1619 6.24138
1620 6.24138
1621 6.24138
1622 6.24138
1623 6.24138
1624 6.24138
1625 6.24138
1626 6.24138
1627 6.24138
1628 6.24138
1629 6.24138
1630 6.24138
1631 6.24138
1632 6.24138
1633 6.24138
1634 6.24138
1635 6.24138
1636 6.24138
1637 6.24138
1638 6.24138
1639 6.24138
1640 6.24138
1641 6.24138
1642 6.24138
1643 6.24138
1644 6.24138
1645 6.24138
1646 6.24138
1647 6.24138
1648 6.24138
1649 6.24138
1650 6.24138
1651 6.24138
1652 6.24138
1653 6.24138
1654 6.24138
1655 6.24138
1656 6.24138
1657 6.24138
1658 6.24138
1659 6.24138
1660 6.24138
1661 6.24138
1662 6.24138
1663 6.24138
1664 6.24138
1665 6.24138
1666 6.24138
1667 6.24138
1668 6.24138
1669 6.24138
1670 6.24138
1671 6.24138
1672 6.24138
1673 6.24138
1674 6.24138
1675 6.24138
1676 6.24138
1677 6.24138
1678 6.24138
1679 6.24138
1680 6.24138
1681 6.24138
1682 6.24138
1683 6.24138
1684 6.24138
1685 6.24138
1686 6.24138
1687 6.24138
1688 6.24138
1689 6.24138
1690 6.24138
1691 6.24138
1692 6.24138
1693 6.24138
1694 6.24138
1695 6.24138
1696 6.24138
1697 6.24138
1698 6.24138
1699 6.24138
1700 6.24138
1701 6.24138
1702 6.24138
1703 6.24138
1704 6.24138
1705 6.24138
1706 6.24138
1707 6.24138
1708 6.24138
1709 6.24138
1710 6.24138
1711 6.24138
1712 6.24138
1713 6.24138
1714 6.24138
1715 6.24138
1716 6.24138
1717 6.24138
1718 6.24138
1719 6.24138
1720 6.24138
1721 6.24138
1722 6.24138
1723 6.24138
1724 6.24138
1725 6.24138
1726 6.24138
1727 6.24138
1728 6.24138
1729 6.24138
1730 6.24138
1731 6.24138
1732 6.24138
1733 6.24138
1734 6.24138
1735 6.24138
1736 6.24138
1737 6.24138
1738 6.24138
1739 6.24138
1740 6.24138
1741 6.24138
1742 6.24138
1743 6.24138
1744 6.24138
1745 6.24138
1746 6.24138
1747 6.24138
1748 6.24138
1749 6.24138
1750 6.24138
1751 6.24138
1752 6.24138
1753 6.24138
1754 6.24138
1755 6.24138
1756 6.24138
1757 6.24138
1758 6.24138
1759 6.24138
1760 6.24138
1761 6.24138
1762 6.24138
1763 6.24138
1764 6.24138
1765 6.24138
1766 6.24138
1767 6.24138
1768 6.24138
1769 6.24138
1770 6.24138
1771 6.24138
1772 6.24138
1773 6.24138
1774 6.24138
1775 6.24138
1776 6.24138
1777 6.24138
1778 6.24138
1779 6.24138
1780 6.24138
1781 6.24138
1782 6.24138
1783 6.24138
1784 6.24138
1785 6.24138
1786 6.24138
1787 6.24138
1788 6.24138
1789 6.24138
1790 6.24138
1791 6.24138
1792 6.24138
1793 6.24138
1794 6.24138
1795 6.24138
1796 6.24138
1797 6.24138
1798 6.24138
1799 6.24138
1800 6.24138
1801 6.24138
1802 6.24138
1803 6.24138
1804 6.24138
1805 6.24138
1806 6.24138
1807 6.24138
1808 6.24138
1809 6.24138
1810 6.24138
1811 6.24138
1812 6.24138
1813 6.24138
1814 6.24138
1815 6.24138
1816 6.24138
1817 6.24138
1818 6.24138
1819 6.24138
1820 6.24138
1821 6.24138
1822 6.24138
1823 6.24138
1824 6.24138
1825 6.24138
1826 6.24138
1827 6.24138
1828 6.24138
1829 6.24138
1830 6.24138
1831 6.24138
1832 6.24138
1833 6.24138
1834 6.24138
1835 6.24138
1836 6.24138
1837 6.24138
1838 6.24138
1839 6.24138
1840 6.24138
1841 6.24138
1842 6.24138
1843 6.24138
1844 6.24138
1845 6.24138
1846 6.24138
1847 6.24138
1848 6.24138
1849 6.24138
1850 6.24138
1851 6.24138
1852 6.24138
1853 6.24138
1854 6.24138
1855 6.24138
1856 6.24138
1857 6.24138
1858 6.24138
1859 6.24138
1860 6.24138
1861 6.24138
1862 6.24138
1863 6.24138
1864 6.24138
1865 6.24138
1866 6.24138
1867 6.24138
1868 6.24138
1869 6.24138
1870 6.24138
1871 6.24138
1872 6.24138
1873 6.24138
1874 6.24138
1875 6.24138
1876 6.24138
1877 6.24138
1878 6.24138
1879 6.24138
1880 6.24138
1881 6.24138
1882 6.24138
1883 6.24138
1884 6.24138
1885 6.24138
1886 6.24138
1887 6.24138
1888 6.24138
1889 6.24138
1890 6.24138
1891 6.24138
1892 6.24138
1893 6.24138
1894 6.24138
1895 6.24138
1896 6.24138
1897 6.24138
1898 6.24138
1899 6.24138
1900 6.24138
1901 6.24138
1902 6.24138
1903 6.24138
1904 6.24138
1905 6.24138
1906 6.24138
1907 6.24138
1908 6.24138
1909 6.24138
1910 6.24138
1911 6.24138
1912 6.24138
1913 6.24138
1914 6.24138
1915 6.24138
1916 6.24138
1917 6.24138
1918 6.24138
1919 6.24138
1920 6.24138
1921 6.24138
1922 6.24138
1923 6.24138
1924 6.24138
1925 6.24138
1926 6.24138
1927 6.24138
1928 6.24138
1929 6.24138
1930 6.24138
1931 6.24138
1932 6.24138
1933 6.24138
1934 6.24138
1935 6.24138
1936 6.24138
1937 6.24138
1938 6.24138
1939 6.24138
1940 6.24138
1941 6.24138
1942 6.24138
1943 6.24138
1944 6.24138
1945 6.24138
1946 6.24138
1947 6.24138
1948 6.24138
1949 6.24138
1950 6.24138
1951 6.24138
1952 6.24138
1953 6.24138
1954 6.24138
1955 6.24138
1956 6.24138
1957 6.24138
1958 6.24138
1959 6.24138
1960 6.24138
1961 6.24138
1962 6.24138
1963 6.24138
1964 6.24138
1965 6.24138
1966 6.24138
1967 6.24138
1968 6.24138
1969 6.24138
1970 6.24138
1971 6.24138
1972 6.24138
1973 6.24138
1974 6.24138
1975 6.24138
1976 6.24138
1977 6.24138
1978 6.24138
1979 6.24138
1980 6.24138
1981 6.24138
1982 6.24138
1983 6.24138
1984 6.24138
1985 6.24138
1986 6.24138
1987 6.24138
1988 6.24138
1989 6.24138
1990 6.24138
1991 6.24138
1992 6.24138
1993 6.24138
1994 6.24138
1995 6.24138
1996 6.24138
1997 6.24138
1998 6.24138
1999 6.24138
2000 6.24138
